14
11	12	46	24	37	33	75	18	22	11	84	85	69	59
11	6	28	34	21	70	6	86
2	38	24	9	49	71	45	34	41	67	43	42	55	33	37	28	65	85	68	35	48	46	6	86	11	21	66	22	59	84	18	75	17	38	70	4	19	29	69	54
2	14	2	0	36	60	70	76	50	21	86	6	25	34	28	84
9	8	38	48	41	29	9	42	17	35
9	9	65	71	49	66	67	4	19	55	45
4	8	17	38	29	9	41	42	35	48
4	1	43
0	9	19	45	49	65	55	67	66	68	71
0	7	77	8	10	26	74	53	56
8	1	17
8	1	68
10	8	48	9	41	38	17	29	35	42
10	10	71	67	49	65	68	19	66	45	55	4
1	17	48	71	66	45	29	19	4	38	41	17	65	49	68	67	9	35	42
1	14	23	51	27	32	15	58	61	16	12	14	57	47	5	78
12	20	4	54	43	9	38	17	55	71	42	49	41	68	19	45	67	66	65	29	35	48
12	17	7	79	30	44	81	3	63	73	20	80	40	39	83	13	62	52	72
13	1	43
13	1	82
7	1	43
7	1	54
5	1	43
5	1	31
6	1	55
6	1	64
3	1	43
3	1	1
