14
2	39	50	82	28	8	40	3	41	36	68	55	11	21	39	49	43	35	86	30	26	57	14	62	47	6	5	87	12	24	25	20	60	85	22	74	81	69	76	37	67
2	14	1	42	51	61	75	69	0	35	24	41	50	6	31	87
1	17	5	68	30	26	76	14	36	3	57	11	20	82	8	81	37	49	21
1	14	4	59	16	34	38	27	52	15	48	13	19	63	58	78
4	8	81	21	20	8	76	68	14	5
4	1	55
8	8	21	8	76	81	14	20	5	68
8	10	11	30	26	82	3	37	36	57	49	40
0	10	11	37	40	36	49	82	57	26	30	3
0	7	54	73	32	9	10	56	77
11	12	47	28	43	39	74	22	25	85	12	86	67	60
11	6	35	41	24	69	6	87
12	20	20	81	11	57	5	30	21	8	76	68	62	36	26	14	3	49	40	55	37	82
12	17	46	45	7	44	53	84	23	2	64	80	29	71	70	79	65	33	17
9	8	81	14	68	20	21	5	76	8
9	9	82	3	49	37	11	36	26	30	40
5	1	55
5	1	72
10	1	8
10	1	57
7	1	55
7	1	62
3	1	55
3	1	18
13	1	55
13	1	83
6	1	40
6	1	66
