14
12	20	65	1	56	79	40	60	29	58	26	39	37	66	38	47	42	17	23	70	68	69
12	17	59	63	18	11	73	80	6	72	35	41	36	61	43	3	49	81	84
9	8	23	65	56	37	66	58	70	68
9	9	42	39	29	79	69	60	47	40	38
11	12	44	22	34	31	75	16	20	85	9	86	67	54
11	6	28	32	19	71	5	87
2	39	22	37	66	38	32	70	42	65	39	58	68	31	34	69	28	26	86	17	60	47	82	23	44	1	5	87	9	19	20	54	85	16	29	56	75	40	71	79	67
2	14	2	46	0	33	55	5	82	19	71	24	28	32	87	76
1	17	60	37	47	68	23	56	26	69	70	65	58	66	29	40	39	79	38
1	14	10	45	48	53	15	78	12	13	4	30	21	57	27	52
8	8	23	56	65	37	58	66	70	68
8	10	42	29	69	39	26	79	47	60	40	38
0	10	47	29	79	69	38	26	40	39	60	42
0	7	7	50	74	77	8	51	25
4	8	68	23	37	65	56	58	66	70
4	1	1
10	1	23
10	1	26
6	1	42
6	1	62
7	1	1
7	1	17
5	1	1
5	1	64
3	1	1
3	1	14
13	1	1
13	1	83
