14
1	17	9	56	72	69	66	13	52	33	27	2	53	44	65	35	68	79	32
1	14	78	19	48	16	25	54	6	34	18	20	55	30	46	59
2	39	33	66	42	26	65	44	37	64	63	72	36	39	31	13	32	86	9	27	56	69	35	45	10	87	15	23	52	53	68	24	2	57	85	21	75	8	70	79	67
2	14	0	3	47	10	58	31	76	38	70	23	37	28	42	87
11	12	45	26	39	36	75	21	24	85	15	86	67	57
11	6	31	37	23	70	10	87
4	8	66	65	33	9	52	68	53	2
4	1	63
3	1	63
3	1	1
9	8	9	52	2	68	65	33	66	53
9	9	44	72	56	32	13	79	64	35	69
5	1	63
5	1	83
12	20	68	13	65	2	53	52	69	63	44	8	27	79	64	56	35	32	72	66	9	33
12	17	41	17	43	4	81	49	80	7	11	5	40	61	84	73	71	22	60
8	1	2
8	1	27
0	10	56	32	44	13	72	79	27	64	69	35
0	7	77	14	50	74	12	51	29
10	8	52	2	9	68	65	33	66	53
10	10	72	56	44	32	13	79	64	35	27	69
7	1	63
7	1	8
6	1	64
6	1	62
13	1	63
13	1	82
