13
2	37	27	68	25	63	18	51	31	36	35	56	34	66	38	40	32	83	62	43	6	84	10	65	26	21	22	58	4	54	79	19	82	17	15	72	67	23	64
2	13	67	37	2	73	46	55	21	36	6	0	28	84	32
0	10	31	56	27	26	66	65	15	18	40	68
0	7	9	50	8	49	29	71	74
10	12	43	25	38	34	72	17	22	82	10	83	64	54
10	6	32	36	21	67	6	84
11	19	18	79	40	65	51	68	15	23	66	19	63	4	31	26	62	27	35	56	58
11	16	7	78	12	70	41	81	60	20	59	45	48	77	42	69	39	3
1	17	40	4	27	56	58	18	62	51	79	68	31	23	66	19	35	26	65
1	14	52	5	47	13	16	30	44	57	53	14	11	75	33	24
12	1	63
12	1	80
7	8	58	4	23	19	79	51	35	62
7	10	56	27	66	18	31	68	15	26	65	40
8	8	4	19	79	58	23	51	35	62
8	9	27	18	31	68	15	66	26	65	40
4	7	58	79	62	4	19	51	35
4	1	63
5	1	63
5	1	76
6	1	15
6	1	61
3	1	63
3	1	1
9	1	58
9	1	56
