13
8	8	55	43	46	62	51	5	32	29
8	9	9	33	42	47	52	53	76	20	66
6	1	53
6	1	65
2	37	52	25	36	76	5	53	55	51	34	38	30	79	83	62	9	33	29	44	46	7	20	84	13	22	35	23	32	66	59	82	19	72	42	68	43	47	67
2	13	37	2	60	0	48	30	36	26	22	84	7	73	68
1	17	9	55	5	29	20	51	66	46	42	76	47	52	43	79	62	33	32
1	14	14	58	18	61	17	45	75	28	49	57	24	16	4	31
10	12	44	25	38	34	72	19	23	82	13	83	67	59
10	6	30	36	22	68	7	84
7	8	43	51	62	5	55	46	29	32
7	10	33	52	47	79	9	42	66	53	76	20
4	8	32	46	51	29	43	5	55	62
4	1	35
0	10	79	9	76	47	66	42	20	52	53	33
0	7	56	12	54	11	74	71	27
11	19	46	42	32	66	62	47	29	76	33	5	43	20	55	52	51	9	35	53	79
11	16	21	10	63	77	50	70	40	3	69	81	78	15	41	6	64	39
3	1	35
3	1	1
5	1	35
5	1	8
12	1	35
12	1	80
9	1	5
9	1	79
