14
12	19	15	74	40	54	65	53	14	24	82	49	19	64	17	23	70	67	66	30	32
12	16	61	60	5	62	59	73	41	80	38	11	81	47	2	84	72	20
2	39	23	49	26	64	54	40	35	53	65	24	30	70	74	34	37	31	66	15	86	14	82	17	19	42	4	32	87	8	21	22	56	85	18	55	76	67	71	44	69
2	14	0	57	1	36	44	4	27	45	87	71	31	21	35	77
0	10	40	64	49	67	65	66	82	15	19	14
0	7	48	6	50	78	7	28	75
11	12	42	26	37	34	76	18	22	85	8	86	69	56
11	6	31	35	21	71	4	87
1	17	30	55	67	70	17	82	32	40	64	74	65	23	19	49	24	66	14
1	14	25	58	12	16	52	9	79	29	46	33	3	51	10	43
9	8	24	23	74	70	55	30	32	17
9	9	19	14	65	15	82	64	67	40	66
6	1	15
6	1	63
4	8	55	24	30	23	17	70	74	32
4	1	53
8	8	70	74	55	23	30	24	32	17
8	10	49	65	15	82	67	14	64	19	40	66
3	1	53
3	1	13
7	1	53
7	1	54
5	1	53
5	1	68
13	1	53
13	1	83
10	1	70
10	1	49
