14
12	21	10	20	63	82	65	21	43	67	35	7	8	23	30	6	86	64	77	24	62	69	70
12	18	12	9	16	83	66	42	44	41	87	25	75	50	59	3	74	45	58	84
2	41	23	63	69	29	43	20	64	6	38	8	24	67	37	40	34	65	35	89	82	21	7	46	77	5	70	90	14	26	71	27	55	88	22	78	72	61	10	30	62	68	86
2	15	72	39	0	2	48	34	56	26	90	5	79	38	61	71	31
9	8	43	86	70	30	67	69	64	8
9	9	65	6	7	82	23	63	20	24	77
11	12	46	29	40	37	78	22	27	88	14	89	68	55
11	6	34	38	26	72	5	90
8	8	43	86	67	69	64	8	70	30
8	10	65	6	63	20	7	24	77	82	23	35
1	17	23	77	82	63	86	24	70	20	43	69	65	35	30	67	7	8	64
1	14	49	33	15	53	19	54	57	36	17	4	47	18	81	28
0	10	23	24	35	65	82	63	77	6	7	20
0	7	11	52	13	76	51	32	80
4	8	67	86	70	43	30	8	69	64
4	1	21
10	1	86
10	1	35
13	1	21
13	1	85
7	1	21
7	2	10	62
6	1	6
6	1	60
3	1	21
3	1	1
5	1	21
5	1	73
