13
0	10	30	27	10	75	51	13	48	84	21	44
0	7	9	53	12	73	70	31	55
10	12	45	28	39	35	71	20	25	81	14	82	66	59
10	6	33	37	23	67	6	83
2	37	28	44	37	75	21	51	65	27	30	35	39	33	84	42	82	11	58	45	54	6	13	83	14	10	47	48	23	7	25	5	59	81	20	71	67	24	66
2	13	2	38	60	72	50	67	0	6	33	23	29	83	37
11	19	84	44	47	42	13	54	58	65	27	10	51	24	7	75	48	21	30	5	11
11	16	63	40	41	22	76	68	78	77	8	69	80	52	43	17	62	3
1	17	10	44	21	13	7	54	30	42	24	51	5	11	58	48	27	47	75
1	14	49	16	32	15	46	26	74	4	18	34	19	57	56	61
5	1	65
5	1	36
6	1	84
6	1	64
4	8	58	24	5	42	54	47	7	11
4	1	65
12	1	65
12	1	79
8	8	42	11	24	5	58	54	7	47
8	9	21	51	10	84	27	13	30	48	75
3	1	65
3	1	1
7	8	11	24	54	42	5	7	58	47
7	10	51	10	84	44	30	21	27	48	13	75
9	1	11
9	1	44
