13
11	19	35	58	45	55	8	36	56	46	13	44	39	21	3	11	43	59	48	70	32
11	16	72	81	9	78	65	66	41	42	23	47	6	18	4	71	79	53
2	37	44	27	32	46	37	21	39	58	11	34	40	31	83	70	8	59	35	36	45	49	7	55	84	3	15	24	43	25	48	62	82	22	74	69	56	13	68
2	13	7	2	51	38	63	37	0	69	75	24	84	28	31
10	12	49	27	40	34	74	22	25	82	15	83	68	62
10	6	31	37	24	69	7	84
1	17	70	13	8	46	45	35	32	55	59	44	58	21	39	36	43	11	48
1	14	61	64	16	17	30	52	5	19	50	77	33	20	60	26
8	8	36	13	21	32	48	43	70	39
8	9	45	8	11	35	55	56	59	58	44
4	8	48	32	21	70	36	43	13	39
4	1	3
7	8	48	43	21	70	36	32	13	39
7	10	55	58	46	11	59	45	35	8	56	44
0	9	46	44	56	35	59	55	58	8	11
0	7	57	54	29	10	12	76	73
12	1	3
12	1	80
6	1	56
6	1	67
5	1	3
5	1	14
3	1	3
3	1	1
9	1	43
9	1	46
