14
8	1	64
8	1	4
4	8	52	25	46	80	43	1	56	64
4	1	7
1	17	80	9	64	10	52	66	78	1	46	6	4	43	25	20	24	12	56
1	14	35	16	22	54	29	19	49	75	47	18	59	5	33	55
11	12	45	30	39	36	72	23	28	84	15	85	65	57
11	6	34	37	27	67	8	86
2	38	30	56	20	24	6	64	37	12	78	4	42	10	36	39	34	85	52	9	25	45	8	7	66	86	15	43	27	28	57	84	46	23	72	80	79	67	1	65
2	14	2	0	38	58	8	86	48	27	31	67	37	34	39	73
12	20	43	10	1	42	7	80	6	25	12	56	79	24	66	4	20	52	64	78	46	9
12	17	41	17	26	61	63	60	69	50	11	77	70	83	40	76	68	3	44
9	8	52	64	25	80	56	1	46	43
9	9	78	66	42	6	24	9	12	10	20
3	1	7
3	1	21
10	8	52	64	43	56	1	46	25	80
10	10	78	66	4	42	20	9	12	10	6	24
0	10	10	20	12	9	24	66	4	6	78	42
0	7	71	14	51	74	53	13	32
6	1	42
6	1	62
5	1	7
5	1	81
7	1	7
7	1	79
13	1	7
13	1	82
