13
7	8	82	4	23	53	24	63	40	69
7	10	18	32	27	34	51	64	35	9	6	75
8	8	4	82	53	24	23	63	40	69
8	9	32	27	64	35	34	9	18	6	75
11	18	51	75	18	35	53	34	69	63	32	4	64	9	27	23	6	59	40	24
11	15	42	68	61	15	60	8	49	67	76	77	80	20	79	43	44
2	37	18	26	24	59	38	4	64	32	37	41	31	9	83	27	23	40	6	35	53	51	82	45	7	84	75	12	21	22	69	56	81	19	71	66	34	63	65
2	13	39	2	0	72	57	47	21	31	7	28	66	84	38
10	12	45	26	41	37	71	19	22	81	12	83	65	56
10	6	31	38	21	66	7	84
1	17	4	51	6	9	69	35	23	27	24	34	32	75	82	53	63	40	64
1	14	54	14	13	48	5	55	74	16	46	30	17	36	25	58
4	8	63	4	40	23	53	82	69	24
4	1	59
0	10	9	32	18	51	75	64	35	34	27	6
0	7	10	11	29	52	50	70	73
12	1	59
12	1	78
9	1	82
9	1	51
3	1	59
3	1	1
5	1	59
5	1	33
6	1	18
6	1	62
