13
2	37	22	38	24	46	39	6	33	67	78	25	37	42	76	30	5	83	64	35	48	4	84	11	36	20	21	41	57	82	18	72	62	68	32	27	10	65	66
2	13	40	1	50	58	73	0	39	84	68	30	4	26	20
10	12	48	24	42	37	72	18	21	82	11	83	66	57
10	6	30	39	20	68	4	84
4	8	46	32	62	10	65	78	76	41
4	1	67
1	17	65	36	76	38	22	46	64	27	25	62	6	41	32	10	78	5	33
1	14	59	29	75	51	55	34	12	49	56	23	17	3	15	14
11	18	67	35	78	65	22	6	27	25	5	10	32	46	38	62	33	36	76	64
11	15	45	61	52	44	13	7	77	81	2	69	60	70	47	43	19
0	10	35	64	33	5	36	6	27	25	22	38
0	7	28	8	54	74	53	9	71
7	8	65	62	10	41	76	46	32	78
7	10	25	22	33	27	6	5	36	64	38	35
8	8	62	41	76	10	46	65	32	78
8	9	22	27	6	5	35	36	25	64	38
6	1	35
6	1	63
9	1	10
9	1	33
12	1	67
12	1	80
5	1	67
5	1	31
3	1	67
3	1	16
