13
2	37	33	54	8	27	78	65	55	48	37	16	35	40	32	28	44	83	2	20	45	38	6	84	11	22	21	24	59	79	75	25	82	18	71	52	67	58	66
2	13	0	72	6	3	84	47	60	22	39	67	37	29	32
1	17	65	28	75	21	2	44	25	52	79	33	20	8	78	48	55	58	16
1	14	74	56	5	15	31	49	12	46	17	61	34	14	57	26
10	12	45	27	40	35	71	18	24	82	11	83	66	59
10	6	32	37	22	67	6	84
0	10	48	38	21	25	28	78	8	44	16	2
0	7	10	30	73	70	53	51	9
8	8	58	20	79	65	33	75	55	52
8	9	44	2	38	21	8	25	16	48	28
7	8	58	20	79	65	33	75	55	52
7	10	44	2	38	78	21	8	25	16	48	28
9	1	79
9	1	78
12	1	54
12	1	80
4	8	20	79	75	55	52	58	33	65
4	1	54
11	18	25	20	48	8	54	28	16	38	75	78	58	55	33	21	65	2	52	44
11	15	76	62	7	36	13	69	63	50	41	68	77	42	81	23	43
3	1	54
3	1	1
6	1	38
6	1	64
5	1	54
5	1	19
