14
8	7	37	36	49	13	26	68	39
8	9	82	34	47	38	4	22	7	32	42
12	21	87	26	49	42	7	22	39	68	37	8	47	83	36	38	4	54	32	13	34	82	29
12	18	10	57	23	72	80	71	48	3	5	73	51	46	85	79	81	18	66	65
2	40	54	50	28	38	26	43	32	29	4	41	45	35	7	47	13	88	39	87	49	36	52	9	42	34	68	89	15	24	25	62	86	21	22	75	8	83	70	37	82	69
2	15	76	2	89	0	63	44	55	70	24	9	30	50	45	43	35
11	12	52	28	45	41	75	21	25	86	15	88	69	62
11	6	35	43	24	70	9	89
9	8	49	37	39	68	36	26	13	29
9	9	47	4	42	32	34	7	22	82	87
1	17	13	36	87	49	29	22	4	68	38	7	26	37	39	47	42	34	32
1	14	61	53	33	78	40	16	19	64	17	56	6	20	27	60
13	1	54
13	1	84
4	8	49	13	36	39	29	37	68	26
4	1	54
5	1	54
5	1	11
0	10	32	47	4	38	42	7	87	22	82	34
0	7	14	58	77	59	12	31	74
10	1	37
10	1	38
7	1	54
7	2	83	8
3	1	54
3	1	1
6	1	82
6	1	67
