14
2	40	67	45	26	40	9	37	39	42	32	88	50	73	35	48	51	7	30	89	12	22	27	23	46	83	24	18	61	87	19	76	34	33	6	82	47	70	36	84	60	68
2	15	0	2	62	41	70	53	28	45	42	32	7	77	40	22	89
11	12	51	26	42	39	76	19	23	87	12	88	68	61
11	6	32	40	22	70	7	89
13	1	27
13	1	85
9	8	34	33	83	36	60	24	50	67
9	9	9	30	47	73	46	48	18	37	84
0	10	84	9	73	46	48	35	18	47	37	30
0	7	56	10	75	29	78	57	11
8	8	34	60	33	24	83	36	50	67
8	10	9	35	48	30	18	47	46	73	37	84
4	8	83	36	24	34	33	60	67	50
4	1	27
12	20	50	73	47	84	83	36	18	33	27	30	6	60	82	37	34	24	35	9	46	67
12	17	81	14	8	21	49	72	44	69	80	4	3	74	55	71	43	65	64
1	17	47	33	30	9	34	50	37	67	84	83	48	18	36	60	35	24	73
1	14	31	63	13	54	5	59	38	79	16	52	17	15	25	58
5	1	27
5	1	20
3	1	27
3	1	1
6	1	46
6	1	66
7	1	27
7	2	82	6
10	1	60
10	1	35
