13
11	19	54	36	76	44	68	66	32	12	21	49	7	64	56	10	34	31	59	61	5
11	16	79	16	78	60	70	81	71	22	41	3	48	8	42	62	40	11
2	37	7	26	64	56	76	61	31	37	36	32	21	66	35	39	30	83	5	12	43	6	44	84	14	23	34	24	54	49	55	82	20	10	73	67	68	59	65
2	13	0	2	46	57	84	23	38	37	6	74	27	67	30
8	8	7	64	10	54	12	44	68	49
8	9	59	32	36	34	31	56	21	76	66
10	12	43	26	39	35	73	20	24	82	14	83	65	55
10	6	30	37	23	67	6	84
1	17	31	49	10	54	64	34	12	66	68	7	36	32	21	44	56	76	61
1	14	29	58	45	53	4	15	77	18	25	19	52	47	33	17
7	7	64	10	7	49	54	44	68
7	9	32	36	61	76	34	59	66	56	21
0	10	36	34	76	31	56	66	32	59	21	61
0	7	72	13	50	75	9	28	51
4	8	7	49	54	10	44	12	68	64
4	1	5
9	1	7
9	1	61
12	1	5
12	1	80
3	1	5
3	1	1
5	1	5
5	1	69
6	1	59
6	1	63
