13
2	37	9	11	25	75	37	2	5	53	34	40	63	29	30	83	68	36	70	79	76	45	7	84	13	22	23	41	56	35	6	82	20	71	57	32	65	39	64
2	13	38	58	1	0	47	72	22	7	65	29	37	84	26
10	12	45	25	40	34	71	20	23	82	13	83	64	56
10	6	29	37	22	65	7	84
7	8	75	68	30	35	53	6	39	57
7	10	9	41	5	32	79	63	11	36	2	76
11	18	2	30	9	57	63	11	41	6	5	39	32	75	36	68	70	35	76	53
11	16	42	66	16	21	8	67	61	49	78	81	44	77	3	51	43	60
1	17	79	35	2	76	75	9	32	57	6	30	53	68	63	39	11	5	36
1	14	14	59	15	28	46	54	17	74	4	24	33	19	55	48
4	8	39	53	75	30	68	35	57	6
4	1	70
0	10	32	36	2	9	41	63	11	79	76	5
0	7	73	12	52	69	27	50	10
8	8	35	68	53	6	75	30	39	57
8	9	79	41	32	63	11	9	5	36	76
6	1	41
6	1	62
5	1	70
5	1	31
9	1	68
9	1	2
3	1	70
3	1	18
12	1	70
12	1	80
