13
2	37	69	34	26	18	39	40	61	51	37	42	31	83	36	2	38	46	7	84	64	13	33	23	24	52	58	82	5	30	21	73	8	11	54	68	20	77	66
2	13	59	3	41	7	48	0	27	23	68	84	39	74	31
1	16	11	33	77	69	61	30	2	52	8	38	20	54	40	5	64	18
1	13	35	56	6	16	17	25	49	76	57	29	60	19	14
8	8	11	51	20	8	54	77	30	52
8	9	38	33	64	18	34	2	5	40	61
10	12	46	26	42	37	73	21	24	82	13	83	66	58
10	6	31	39	23	68	7	84
7	8	11	8	51	52	54	30	77	20
7	10	38	18	33	40	34	5	69	2	64	61
11	19	2	33	52	69	30	38	54	8	34	40	51	77	5	20	18	11	36	61	64
11	16	71	15	22	43	70	9	4	79	63	45	50	44	78	62	32	81
4	8	54	30	11	51	20	77	8	52
4	1	36
0	10	69	33	18	40	34	64	61	2	5	38
0	7	55	72	12	53	28	75	10
6	1	34
6	1	65
12	1	36
12	1	80
9	1	54
9	1	69
5	1	36
5	1	67
3	1	36
3	1	1
