13
2	37	33	35	24	56	16	36	51	40	25	34	38	2	31	83	61	43	27	1	44	67	6	84	62	11	21	22	45	57	80	82	19	73	69	65	53	26	68
2	13	0	69	3	58	28	21	47	37	84	31	74	6	36
4	8	61	80	65	53	27	56	40	33
4	1	51
10	12	44	24	38	34	73	19	22	82	11	83	68	57
10	6	31	36	21	69	6	84
11	19	26	16	53	45	67	65	27	51	40	35	80	43	33	1	62	25	2	56	61
11	16	81	71	41	7	77	60	78	66	42	49	39	4	13	63	70	20
8	8	53	33	65	27	40	56	80	61
8	9	25	26	2	67	1	62	16	35	45
1	17	65	35	56	80	67	2	61	53	45	27	16	1	26	25	40	43	33
1	14	32	48	23	5	12	30	76	59	55	54	15	46	14	18
7	8	53	33	27	40	56	65	80	61
7	10	25	26	67	1	62	16	2	35	43	45
0	10	35	67	26	25	43	16	62	2	1	45
0	7	9	10	75	52	29	50	72
9	1	33
9	1	43
3	1	51
3	1	17
5	1	51
5	1	8
6	1	62
6	1	64
12	1	51
12	1	79
