14
2	42	70	15	33	41	44	85	24	42	47	38	28	91	36	6	54	7	92	16	31	27	13	29	52	69	45	61	64	39	22	78	90	25	81	74	75	5	76	51	43	9	23	73
2	16	65	2	38	0	46	27	56	92	82	51	7	6	81	44	76	34
12	22	24	23	85	31	78	74	39	22	36	9	75	61	15	13	28	41	70	43	69	52	45	5
12	19	67	8	10	50	72	86	3	79	87	77	30	26	68	49	89	58	18	12	53
9	8	9	13	22	5	69	75	78	24
9	9	39	85	43	52	15	36	28	41	31
11	12	54	33	47	42	81	25	29	90	16	91	73	64
11	6	38	44	27	76	7	92
4	8	69	24	13	22	75	5	9	78
4	1	45
1	16	78	31	43	39	9	5	69	24	85	75	28	22	13	52	15	36
1	13	66	37	19	17	63	55	4	40	32	21	84	62	57
0	10	52	28	43	15	41	39	31	85	70	36
0	7	80	14	83	11	35	59	60
8	8	69	22	24	9	5	75	13	78
8	10	15	70	31	39	52	43	36	85	41	28
7	1	45
7	3	23	74	61
10	1	22
10	1	70
13	1	45
13	1	88
6	1	41
6	1	71
3	1	45
3	1	1
5	1	45
5	1	48
