13
2	37	42	6	34	26	13	35	27	38	75	59	78	9	49	37	41	33	83	48	67	46	8	4	84	14	32	28	23	24	64	39	57	82	20	71	66	7	65
2	13	38	0	40	2	50	58	8	29	23	33	66	72	84
10	12	46	26	41	37	71	20	24	82	14	83	65	57
10	6	33	38	23	66	8	84
1	17	32	35	28	48	49	67	42	78	39	75	59	64	4	34	6	7	27
1	14	5	56	15	31	74	17	18	36	51	47	60	19	55	25
8	8	6	32	78	59	27	35	4	49
8	9	42	39	48	7	64	13	34	28	75
7	8	6	32	49	59	27	78	35	4
7	10	42	39	75	7	67	64	13	48	34	28
11	18	28	7	42	13	59	39	67	64	75	32	6	27	4	35	48	49	9	34
11	15	76	16	81	62	45	69	43	10	52	3	68	44	77	22	80
9	1	6
9	1	67
4	8	32	59	27	78	6	49	4	35
4	1	9
6	1	13
6	1	63
0	10	7	75	67	34	42	28	39	64	48	13
0	7	70	53	54	12	73	11	30
12	1	9
12	1	79
5	1	9
5	1	21
3	1	9
3	1	1
