14
2	38	13	81	4	31	77	17	40	15	54	69	39	42	35	36	70	85	45	10	67	64	49	8	86	5	18	27	28	37	6	24	14	59	84	25	74	68	29	66
2	14	51	41	2	60	0	8	27	68	40	75	86	35	32	31
8	8	45	14	13	77	70	54	64	24
8	10	67	15	69	6	81	17	10	36	4	37
4	8	77	70	24	64	54	45	13	14
4	1	5
1	17	67	70	36	24	14	77	45	4	81	10	6	15	17	54	13	69	64
1	14	22	58	52	50	78	38	23	57	34	19	21	61	30	7
11	12	49	31	42	39	74	25	28	84	18	85	66	59
11	6	35	40	27	68	8	86
12	20	14	45	64	37	15	10	4	67	81	5	69	13	36	6	77	17	24	54	29	70
12	17	26	3	53	63	43	79	20	83	11	47	71	72	62	48	44	9	80
7	1	5
7	1	29
9	8	14	13	77	45	54	24	70	64
9	9	69	6	81	37	10	67	4	17	36
0	10	67	36	81	10	37	17	15	69	6	4
0	7	76	12	55	16	33	56	73
10	1	45
10	1	15
13	1	5
13	1	82
5	1	5
5	1	46
6	1	37
6	1	65
3	1	5
3	1	1
