14
9	8	21	4	84	34	67	13	37	61
9	9	71	32	69	43	31	80	66	11	6
12	21	32	5	66	37	57	53	31	6	84	80	4	13	61	34	67	21	43	71	70	11	69
12	18	9	51	74	50	63	81	82	86	73	64	62	3	22	83	42	44	17	40
4	8	13	67	21	61	4	84	34	37
4	1	5
2	40	13	32	43	26	57	36	70	34	37	80	35	39	30	88	11	67	5	71	66	45	8	31	21	89	14	23	6	69	24	58	87	20	76	61	72	84	4	47	68	53
2	15	0	38	2	47	59	48	8	30	23	89	77	72	36	27	87
0	10	6	71	43	66	69	80	11	70	31	32
0	7	78	75	12	10	28	52	54
8	8	4	34	67	21	84	13	61	37
8	10	32	43	31	71	69	80	11	6	66	70
11	12	45	26	39	35	76	20	24	14	87	88	68	58
11	6	30	36	23	72	8	89
13	1	5
13	1	85
1	17	31	4	21	13	32	69	66	43	67	84	37	34	6	71	70	61	11
1	14	15	33	46	19	29	49	60	25	7	56	18	55	16	79
7	1	5
7	2	53	57
3	1	5
3	1	1
5	1	5
5	1	41
10	1	13
10	1	70
6	1	80
6	1	65
