13
7	8	55	12	65	66	79	24	33	38
7	10	69	21	9	35	7	43	22	41	74	46
1	17	66	55	65	9	38	41	46	12	21	33	69	79	7	74	43	22	24
1	14	60	49	57	19	6	32	51	20	17	76	56	28	16	36
10	12	48	29	42	37	72	23	27	82	15	83	64	58
10	6	34	39	26	67	8	84
2	37	29	21	41	74	39	69	43	37	42	24	34	3	83	46	65	55	7	22	12	48	9	8	84	15	66	35	26	27	58	82	23	72	67	38	79	33	64
2	13	4	84	59	8	40	26	1	73	50	39	30	67	34
11	19	3	41	24	74	21	79	33	35	7	69	55	22	9	43	38	46	65	66	12
11	16	0	10	61	44	68	25	62	77	18	47	70	81	52	78	45	5
4	8	12	66	38	79	33	24	65	55
4	1	3
0	10	43	46	9	35	7	74	21	69	41	22
0	7	14	11	75	31	53	54	71
8	1	12
8	1	21
9	7	66	38	79	24	12	33	55
9	8	43	46	22	41	9	74	69	35
12	1	3
12	1	80
6	1	35
6	1	63
3	1	3
3	1	2
5	1	3
5	1	13
