14
2	39	57	63	38	47	28	19	69	68	22	41	9	79	39	43	32	86	61	46	49	71	26	7	87	12	24	34	25	35	40	60	21	85	20	76	6	72	55	18	70
2	14	51	42	29	2	62	24	7	0	32	77	87	41	72	47
1	17	35	79	18	55	9	69	57	21	40	68	34	61	63	26	46	22	19
1	14	16	14	64	13	5	50	52	17	80	58	31	36	27	59
0	10	79	35	69	61	63	21	55	71	26	34
0	7	56	78	11	54	10	30	75
11	12	49	28	43	39	76	20	25	85	12	86	70	60
11	6	32	41	24	72	7	87
12	19	21	38	57	79	40	18	6	26	55	46	61	69	63	22	19	68	34	9	35
12	16	74	33	48	44	3	45	4	81	65	8	73	82	23	15	53	84
5	1	38
5	1	37
9	8	68	9	22	18	57	19	40	46
9	9	61	21	26	55	34	69	71	35	63
7	1	38
7	1	6
8	8	68	22	18	57	46	19	9	40
8	10	61	26	55	34	63	69	21	71	79	35
4	8	40	46	18	57	68	22	9	19
4	1	38
3	1	38
3	1	1
10	1	40
10	1	79
13	1	38
13	1	83
6	1	71
6	1	67
