14
9	8	80	42	35	33	66	68	32	87
9	9	30	0	77	9	55	23	5	44	58
8	8	80	42	66	33	68	35	32	87
8	10	30	0	45	55	9	44	23	77	5	58
12	20	0	44	23	80	5	87	77	33	48	55	68	45	32	66	35	9	30	20	58	42
12	17	71	64	10	4	53	78	43	8	15	63	41	21	46	79	83	47	70
11	12	49	26	39	36	73	19	24	84	13	85	67	60
11	6	31	37	22	69	7	86
2	39	44	26	9	30	42	37	77	33	45	55	68	5	36	39	31	85	35	66	20	81	48	0	49	7	86	13	32	22	58	23	24	87	80	60	84	19	73	69	67
2	14	38	3	37	1	61	22	51	81	74	69	31	86	7	27
4	8	33	42	35	66	80	32	87	68
4	1	48
0	9	77	23	44	30	0	9	45	58	55
0	7	12	54	28	75	11	56	72
1	17	87	35	68	42	30	0	23	33	80	58	5	77	32	55	66	9	45
1	14	6	59	34	25	17	52	29	62	18	14	76	57	50	16
6	1	44
6	1	65
10	1	80
10	1	45
13	1	48
13	1	82
3	1	48
3	1	2
7	1	48
7	1	20
5	1	48
5	1	40
