14
4	8	5	37	1	15	43	8	49	10
4	1	50
1	17	8	37	42	29	70	48	5	67	68	35	15	24	43	72	10	1	49
1	14	30	63	17	55	34	20	22	59	60	80	19	6	39	53
12	20	48	42	35	10	1	50	49	43	67	15	25	68	72	29	71	24	37	8	5	70
12	17	84	81	75	56	64	12	51	27	18	82	65	11	46	2	47	74	4
11	12	52	31	45	40	77	23	28	85	16	86	69	61
11	6	36	41	26	73	9	87
2	39	31	48	72	29	50	41	25	5	49	8	40	45	36	86	10	68	67	24	7	42	52	9	87	16	26	35	70	28	61	85	37	23	77	73	1	43	15	71	69
2	14	3	62	44	78	73	36	0	54	87	32	26	9	7	41
8	7	1	15	43	8	5	49	10
8	9	70	24	68	35	25	67	72	48	29
0	10	68	24	48	35	42	67	72	25	70	29
0	7	57	14	79	13	76	58	33
3	1	50
3	1	21
9	8	5	15	43	8	49	1	37	10
9	9	25	24	68	48	35	67	70	42	29
7	1	50
7	1	71
5	1	50
5	1	38
6	1	25
6	1	66
13	1	50
13	1	83
10	1	5
10	1	72
