14
2	41	53	38	29	65	9	41	84	71	40	44	37	36	26	50	89	2	47	21	85	72	27	69	63	42	51	7	30	90	14	23	24	12	6	61	35	88	20	77	73	70	25
2	15	3	54	62	43	7	0	85	41	73	53	23	78	32	36	90
0	10	26	50	72	69	12	27	30	47	37	84
0	7	79	57	58	13	11	76	33
11	12	51	29	44	40	77	20	24	88	14	89	70	61
11	6	36	41	23	73	7	90
9	8	9	6	2	71	25	42	38	65
9	9	69	47	12	26	37	50	84	30	27
8	8	9	2	71	38	25	6	65	42
8	10	69	12	26	37	72	30	50	47	27	84
12	21	38	12	47	72	50	27	42	26	6	65	37	30	84	9	63	2	69	35	21	25	71
12	18	48	82	45	8	75	56	87	83	74	67	17	22	31	46	10	49	66	4
1	17	25	12	69	30	47	71	72	2	50	38	27	9	65	6	26	84	42
1	14	39	15	34	59	19	16	64	52	55	80	28	60	18	5
10	1	71
10	1	72
4	8	38	65	25	6	71	9	42	2
4	1	35
13	1	35
13	1	86
5	1	35
5	1	81
7	1	35
7	2	63	21
6	1	37
6	1	68
3	1	35
3	1	1
