13
0	10	36	23	10	69	7	12	1	67	38	61
0	7	78	13	56	75	55	11	31
11	20	12	14	7	34	1	40	48	69	47	57	29	71	10	70	61	36	67	38	4	23
11	17	81	9	8	82	74	54	3	17	45	46	83	64	44	73	85	65	24
10	12	49	28	43	39	76	22	26	86	15	87	68	60
10	6	33	41	25	72	6	88
2	39	28	61	4	41	10	23	67	39	43	33	14	87	38	57	69	7	12	49	6	34	88	40	15	25	36	26	71	60	86	22	76	70	1	72	47	80	29	48	68
2	15	2	42	0	72	62	88	25	77	51	33	6	41	35	30	80
1	17	4	40	12	38	47	69	7	10	34	48	1	70	71	36	57	61	23
1	14	79	5	16	32	63	58	18	59	21	52	27	37	19	50
4	8	57	4	40	71	34	48	70	47
4	1	14
8	8	71	48	34	47	4	70	57	40
8	9	38	36	67	23	12	7	61	69	1
7	8	48	34	4	71	70	47	40	57
7	10	36	10	67	23	7	38	61	12	1	69
13	1	14
13	1	84
9	1	14
9	1	29
5	1	14
5	1	53
3	1	14
3	1	20
6	1	67
6	1	66
