14
2	39	23	34	69	44	27	30	58	71	38	56	53	17	33	5	37	40	32	68	86	36	74	45	7	87	13	24	25	3	82	59	85	21	76	70	66	54	47	9	67
2	14	0	60	48	2	47	7	77	39	87	70	24	28	32	38
12	20	33	69	36	74	5	66	9	58	30	53	56	23	71	54	82	34	68	44	17	3
12	17	63	84	10	22	80	73	43	64	4	42	50	15	41	81	62	20	72
0	10	82	34	56	69	30	36	33	66	53	5
0	7	75	52	51	78	11	29	12
1	16	36	44	69	68	74	54	71	53	3	82	9	30	66	23	56	5
1	13	31	35	18	55	79	6	61	14	26	57	46	49	19
11	12	45	27	40	37	76	21	25	85	13	86	67	59
11	6	32	38	24	70	7	87
4	8	74	9	44	71	23	68	3	54
4	1	17
8	8	23	71	44	3	74	68	54	9
8	10	69	5	36	34	30	33	56	53	66	82
6	1	33
6	1	65
9	8	71	3	23	9	74	68	44	54
9	9	5	30	33	82	56	69	53	36	66
10	1	23
10	1	34
7	1	17
7	1	58
3	1	17
3	1	1
5	1	17
5	1	8
13	1	17
13	1	83
