13
2	37	39	30	25	76	36	66	63	23	31	34	38	73	29	42	83	18	9	47	35	7	62	65	46	6	84	12	21	22	56	43	82	19	71	67	3	79	64
2	13	37	67	2	0	57	6	26	49	84	29	36	21	72
11	19	7	47	63	66	73	62	9	3	35	39	42	76	43	65	30	79	23	18	31
11	16	14	68	8	60	40	77	4	69	45	78	20	81	59	44	41	51
4	7	76	43	31	18	42	47	3
4	1	23
10	12	46	25	38	34	71	19	22	82	12	83	64	56
10	6	29	36	21	67	6	84
1	17	30	7	39	65	79	42	9	47	73	35	63	62	18	3	31	43	76
1	14	50	54	16	32	48	13	24	15	28	58	17	5	75	55
8	8	3	47	79	76	31	42	43	18
8	9	65	30	66	63	9	39	7	62	35
0	10	30	39	66	63	62	7	73	9	35	65
0	7	10	27	52	70	53	11	74
7	1	3
7	1	73
9	8	43	79	76	47	3	42	31	18
9	10	62	63	9	30	66	7	39	65	35	73
6	1	66
6	1	61
12	1	23
12	1	80
3	1	23
3	1	1
5	1	23
5	1	33
