14
2	43	58	26	2	39	81	27	40	21	33	38	42	32	87	93	67	70	68	45	71	47	60	9	94	14	72	23	54	64	34	24	35	11	59	75	92	20	79	89	73	8	5	69	53
2	17	3	49	61	9	0	41	29	73	23	94	42	33	80	58	39	92	32
11	12	47	26	42	38	79	20	24	14	92	93	69	59
11	6	32	39	23	73	9	94
12	23	45	27	60	11	53	75	5	81	89	35	71	64	8	34	72	87	21	2	70	40	67	68	54
12	20	76	91	51	85	84	22	88	10	77	65	16	7	46	86	4	74	63	37	44	43
0	10	81	34	45	27	35	70	11	64	54	71
0	7	52	13	12	82	30	78	55
9	8	21	2	68	72	40	75	60	87
9	9	27	71	35	34	64	81	70	45	11
1	16	21	72	2	11	40	27	45	75	64	81	34	68	70	54	87	71
1	13	19	48	25	15	36	18	50	83	56	31	62	17	57
4	8	21	87	60	72	68	75	2	40
4	1	67
8	8	21	2	68	40	75	60	87	72
8	10	27	71	35	34	54	81	70	45	11	64
3	1	67
3	1	1
7	1	67
7	4	53	8	5	89
5	1	67
5	1	28
6	1	35
6	1	66
10	1	21
10	1	54
13	1	67
13	1	90
