13
1	17	31	59	54	37	66	56	34	63	45	33	51	2	11	76	77	80	64
1	14	47	29	17	52	6	74	13	32	16	15	25	58	53	44
12	1	24
12	1	79
11	19	37	45	59	34	33	23	66	11	2	64	63	51	76	31	80	24	54	77	56
11	16	3	60	8	19	81	61	14	68	42	75	40	69	78	22	41	48
10	12	43	26	39	35	71	18	21	82	12	83	65	55
10	6	30	36	20	67	7	84
2	37	26	80	56	64	76	36	54	11	31	24	35	39	30	63	83	51	59	37	43	7	45	84	12	66	20	21	23	2	55	77	82	18	71	67	34	33	65
2	13	4	0	46	38	57	27	67	20	7	72	30	84	36
4	8	80	56	37	45	2	77	34	64
4	1	24
8	8	64	77	37	34	80	2	56	45
8	9	66	76	23	11	63	31	54	59	33
7	8	56	45	64	37	34	77	80	2
7	10	54	59	66	51	23	11	76	63	31	33
0	10	63	54	31	23	76	51	66	33	59	11
0	7	10	9	28	50	70	73	49
6	1	23
6	1	62
3	1	24
3	1	1
9	1	37
9	1	51
5	1	24
5	1	5
