13
11	19	36	79	26	35	33	27	66	20	28	63	8	11	64	18	48	5	78	38	56
11	16	69	77	7	43	76	68	61	32	3	44	81	15	60	51	21	45
2	37	33	25	48	78	26	40	8	64	18	63	39	42	34	35	11	83	28	27	79	36	46	6	84	12	22	38	23	57	20	82	19	56	71	67	5	66	65
2	13	58	22	2	67	41	0	49	6	29	40	34	73	84
10	12	46	25	42	39	71	19	23	82	12	83	65	57
10	6	34	40	22	67	6	84
0	10	11	35	48	20	78	36	64	27	33	26
0	7	74	53	9	30	52	72	10
1	17	48	27	18	38	35	5	26	56	36	79	64	33	8	78	66	11	63
1	14	50	13	37	75	14	4	31	47	55	54	59	24	16	17
8	8	63	18	66	8	38	79	56	5
8	9	20	26	48	27	78	33	11	64	36
7	8	63	18	66	8	56	38	79	5
7	10	20	26	48	27	64	35	78	33	11	36
9	1	63
9	1	35
3	1	28
3	1	1
4	8	79	38	56	66	8	5	18	63
4	1	28
6	1	20
6	1	62
5	1	28
5	1	70
12	1	28
12	1	80
