13
11	19	21	66	79	18	42	30	41	65	4	56	37	8	62	70	11	39	48	63	54
11	16	20	59	60	7	71	38	3	40	81	78	77	43	69	49	15	64
10	12	44	25	36	32	73	19	23	82	12	83	67	55
10	6	29	33	22	68	6	84
2	37	65	25	30	66	11	54	79	33	4	8	42	32	36	39	29	18	83	63	62	21	56	37	44	70	6	84	12	22	41	23	55	82	19	73	68	48	67
2	13	0	2	84	46	26	35	57	29	33	22	74	6	68
8	8	21	8	66	39	65	11	4	70
8	9	41	63	18	42	56	79	37	62	48
1	16	8	56	70	21	30	4	18	41	66	42	62	65	39	48	11	37
1	14	53	16	45	76	14	58	28	31	47	13	17	5	52	24
7	8	21	8	39	66	65	11	70	4
7	10	41	63	42	18	56	79	37	30	48	62
4	8	66	70	21	11	39	65	4	8
4	1	54
0	10	42	18	56	79	48	41	63	62	30	37
0	7	9	50	75	27	72	10	51
5	1	54
5	1	34
12	1	54
12	1	80
9	1	65
9	1	30
3	1	54
3	1	1
6	1	79
6	1	61
