14
2	39	46	38	27	44	29	42	36	68	34	5	79	80	50	14	41	45	35	86	4	26	12	54	25	51	7	87	15	23	9	78	24	62	85	21	74	70	11	69	53
2	14	7	43	2	0	63	55	87	23	35	44	30	70	42	75
11	12	51	27	45	41	74	21	24	85	15	86	69	62
11	6	35	42	23	70	7	87
4	8	29	68	36	80	14	78	53	11
4	1	54
12	20	12	25	4	68	11	34	38	80	9	79	36	46	53	26	29	50	14	5	78	54
12	17	72	40	49	71	47	8	48	18	81	82	57	65	66	3	84	22	37
9	8	29	36	80	14	11	68	78	53
9	9	46	26	79	50	12	5	9	38	25
8	8	29	80	14	68	78	53	36	11
8	10	46	79	50	5	9	38	25	26	12	34
1	17	26	46	5	78	14	29	53	34	12	25	9	79	80	38	36	11	68
1	14	16	32	19	77	20	39	6	17	56	60	64	61	28	52
0	10	79	12	5	34	38	25	46	26	50	9
0	7	13	10	76	59	58	31	73
3	1	54
3	1	1
5	1	54
5	1	33
7	1	54
7	1	4
6	1	50
6	1	67
10	1	14
10	1	34
13	1	54
13	1	83
