14
12	21	81	10	9	31	4	21	22	15	68	72	71	55	5	60	14	36	57	25	67	43	37
12	18	11	3	45	47	46	64	82	19	53	70	75	65	74	40	83	86	48	26
7	1	14
7	2	25	71
4	8	31	21	43	36	10	72	4	60
4	1	14
11	12	49	30	44	39	77	24	28	87	16	88	69	61
11	6	35	41	27	73	8	89
2	40	30	5	15	71	14	41	31	67	43	39	44	35	36	88	25	84	81	49	8	21	37	89	16	68	27	9	28	55	10	61	87	24	77	73	22	4	72	57	60	69
2	15	2	62	8	61	78	51	27	0	42	84	32	73	89	35	41
1	17	57	43	36	4	9	81	37	68	72	22	21	10	15	67	31	60	55
1	14	20	80	59	63	18	34	52	58	6	17	38	23	50	29
8	8	10	43	60	31	36	21	4	72
8	10	9	15	55	68	67	57	5	81	22	37
0	10	9	57	67	15	37	5	68	81	22	55
0	7	56	79	13	54	12	33	76
9	8	31	43	21	10	36	60	4	72
9	9	68	15	81	57	67	5	55	22	37
13	1	14
13	1	85
5	1	14
5	1	7
6	1	5
6	1	66
10	1	10
10	1	9
3	1	14
3	1	1
