13
11	19	20	7	35	22	36	4	11	76	66	41	79	6	33	14	44	53	54	58	9
11	16	77	46	69	3	81	43	10	24	63	17	51	78	42	45	68	62
2	37	7	28	38	79	6	66	37	40	14	32	83	44	58	54	76	53	4	20	35	47	22	8	84	15	25	36	26	59	82	23	71	11	67	33	9	41	65
2	13	0	2	60	32	8	39	49	73	67	38	84	25	29
8	8	11	9	7	33	41	22	58	14
8	9	36	66	6	76	44	79	35	20	4
10	12	47	28	40	37	71	23	26	82	15	83	65	59
10	6	32	38	25	67	8	84
0	10	4	79	20	44	66	36	76	53	6	35
0	7	74	30	13	52	12	55	72
1	17	20	11	44	36	33	14	6	58	9	35	22	76	66	41	4	7	53
1	14	16	61	31	5	57	56	27	34	50	21	75	19	48	18
4	8	11	33	41	7	9	14	58	22
4	1	54
7	8	7	58	9	41	22	33	11	14
7	10	6	35	66	44	79	53	76	36	20	4
9	1	22
9	1	53
12	1	54
12	1	80
3	1	54
3	1	1
6	1	79
6	1	64
5	1	54
5	1	70
