13
2	37	34	54	69	25	41	4	36	33	66	76	48	42	14	32	38	29	15	6	55	83	45	57	19	46	7	84	35	11	22	23	60	82	20	43	73	68	67
2	13	49	7	0	2	61	37	36	26	29	22	68	74	84
11	18	66	4	55	57	54	43	48	14	34	33	19	69	45	15	76	35	42	41
11	15	78	81	79	8	71	44	52	39	63	3	40	70	17	21	64
10	12	46	25	38	32	73	20	23	82	11	83	67	60
10	6	29	36	22	68	7	84
12	1	6
12	1	80
4	8	14	19	69	45	42	57	34	76
4	1	6
5	1	6
5	1	51
1	17	42	19	34	69	57	15	54	4	33	45	48	43	35	76	55	66	14
1	14	77	30	5	18	59	50	28	16	13	62	58	24	12	47
0	10	15	54	66	48	43	4	55	33	41	35
0	7	9	53	10	75	56	27	72
8	8	34	76	69	45	19	14	42	57
8	9	43	15	41	66	48	4	35	54	55
7	8	34	76	69	45	19	42	14	57
7	10	43	15	41	66	48	33	4	54	35	55
6	1	41
6	1	65
3	1	6
3	1	1
9	1	69
9	1	33
