13
1	17	62	57	18	65	61	59	83	21	74	76	79	23	75	7	60	58	5
1	14	73	29	49	12	14	25	42	15	33	4	44	16	53	48
10	12	41	26	37	34	70	17	24	82	11	31	63	50
10	6	30	35	20	66	6	84
8	8	74	7	79	59	83	62	18	60
8	9	57	21	58	75	22	5	23	65	76
2	37	26	58	35	79	61	75	34	37	76	30	74	31	32	62	18	22	23	21	5	57	41	6	84	11	20	65	24	7	50	82	17	59	70	66	60	83	63
2	13	2	36	51	0	66	20	27	43	6	71	30	84	35
11	18	21	60	74	65	5	59	7	61	22	75	23	58	76	32	62	18	79	57
11	15	81	39	54	77	13	67	3	38	55	68	8	64	19	78	45
12	1	32
12	1	80
0	10	76	61	5	22	21	23	57	75	65	58
0	7	10	47	69	28	72	46	9
3	1	32
3	1	1
4	8	59	60	83	7	74	62	18	79
4	1	32
7	8	74	7	79	18	59	83	62	60
7	10	57	21	58	61	65	75	5	22	23	76
6	1	22
6	1	56
9	1	7
9	1	61
5	1	32
5	1	52
