13
2	37	51	28	9	58	63	31	8	78	37	34	5	65	36	39	62	33	23	83	21	42	50	44	6	4	84	13	25	26	55	82	22	71	66	77	16	68	64
2	13	38	1	25	72	46	33	56	0	6	29	84	66	37
11	19	50	4	65	51	63	68	78	5	23	16	77	42	9	31	58	34	62	21	8
11	16	81	75	48	40	7	76	69	43	59	24	10	2	67	18	41	60
10	12	44	28	39	36	71	22	26	82	13	83	64	55
10	6	33	37	25	66	6	84
8	8	21	5	16	34	77	68	65	31
8	9	58	62	42	78	9	4	23	8	50
0	9	51	42	58	9	4	50	8	78	23
0	6	52	49	12	73	30	11
7	8	5	16	34	21	77	31	65	68
7	10	62	42	78	58	9	51	23	4	50	8
1	17	4	51	58	42	5	50	62	68	77	78	9	65	21	34	31	23	16
1	14	14	15	32	45	17	53	54	74	47	3	57	27	20	35
4	8	16	68	5	31	34	77	21	65
4	1	63
12	1	63
12	1	79
3	1	63
3	1	19
9	1	31
9	1	51
6	1	8
6	1	61
5	1	63
5	1	80
