13
3	41	9	24	15	30	83	42	7	28	69	11	64	47	40	44	35	41	90	68	37	4	50	8	23	91	16	73	26	72	27	5	59	14	89	22	78	60	39	74	48	63	71
3	16	52	0	61	2	26	43	35	42	79	86	91	68	74	32	39	8
1	17	11	37	60	14	24	72	83	28	48	23	4	63	64	7	15	47	9
1	14	29	34	17	62	58	21	51	53	57	6	38	20	19	81
0	10	83	23	47	60	4	37	15	7	69	14
0	7	13	12	56	77	55	80	33
12	21	14	64	60	7	23	28	72	73	83	15	5	24	4	9	63	41	47	48	69	37	11
12	18	10	65	84	88	76	3	85	82	31	46	18	25	54	70	45	49	66	75
11	12	50	30	44	40	78	22	27	89	16	90	71	59
11	6	35	42	26	74	8	91
13	1	41
13	1	87
5	8	28	72	48	63	9	11	24	64
5	1	41
9	8	72	9	24	28	48	64	11	63
9	9	60	37	83	69	4	14	15	23	7
6	1	41
6	1	36
8	8	9	28	63	72	24	48	64	11
8	10	37	7	23	60	83	4	69	14	15	47
4	1	41
4	1	1
2	1	41
2	2	5	73
7	1	69
7	1	67
