13
2	39	28	11	32	25	4	55	34	75	51	33	66	36	30	85	64	8	43	5	44	7	86	13	65	22	12	39	23	42	68	56	84	20	74	40	72	69	81	46	67
2	14	47	35	5	1	0	46	57	34	26	69	86	30	22	76
1	17	39	64	40	44	11	68	12	7	28	8	72	32	81	75	4	51	66
1	14	14	17	31	29	53	3	78	48	58	45	54	19	24	16
10	12	43	25	36	33	74	20	23	84	13	85	67	56
10	6	30	34	22	69	5	86
4	8	4	81	28	8	51	40	12	68
4	1	65
7	1	4
7	1	66
8	8	4	12	28	8	51	68	40	81
8	9	42	32	72	64	11	75	7	44	39
9	8	4	81	12	28	8	40	51	68
9	10	42	39	32	72	64	66	11	44	75	7
11	20	11	39	28	55	42	72	81	68	75	32	4	64	65	40	12	51	44	8	66	7
11	17	15	79	38	61	62	80	49	71	6	2	83	59	60	21	70	41	37
0	10	32	42	7	66	11	39	75	44	72	64
0	7	50	27	9	52	73	10	77
6	1	65
6	1	55
5	1	42
5	1	63
3	1	65
3	1	18
12	1	65
12	1	82
