14
12	19	56	36	39	10	80	46	7	67	65	5	22	13	25	53	26	81	12	8	23
12	16	47	45	44	18	4	84	70	78	42	11	64	27	71	48	63	79
2	39	25	10	31	1	46	40	5	13	65	12	38	81	43	39	8	35	22	86	53	26	82	49	9	23	36	87	56	16	28	29	80	60	85	24	7	73	67	69	68
2	14	69	41	3	0	40	61	32	51	82	9	28	74	35	87
9	8	13	23	1	36	7	80	56	81
9	9	53	12	25	67	8	22	46	10	5
11	12	49	31	43	38	73	24	29	85	16	86	68	60
11	6	35	40	28	69	9	87
0	10	8	67	39	10	12	25	46	22	53	5
0	7	14	15	57	72	75	33	55
1	17	25	8	23	67	39	7	46	80	5	81	1	56	12	13	10	36	53
1	14	52	59	17	19	30	20	21	34	37	6	50	76	58	62
4	8	13	81	23	1	56	80	36	7
4	1	65
3	1	65
3	1	2
8	8	23	56	13	1	36	7	80	81
8	10	12	10	53	25	67	8	22	46	39	5
10	1	80
10	1	39
6	1	22
6	1	66
7	1	65
7	1	26
13	1	65
13	1	83
5	1	65
5	1	77
