13
11	19	26	62	9	52	44	6	47	3	66	29	11	35	61	12	76	14	7	33	51
11	16	23	77	41	10	70	63	78	81	42	50	64	4	53	19	69	43
2	37	76	47	28	6	61	38	9	11	37	40	66	34	29	12	83	51	7	45	8	84	52	16	14	24	25	58	26	62	82	22	72	68	44	3	35	33	67
2	13	39	48	2	0	59	8	24	34	30	38	68	84	73
10	12	45	28	40	37	72	22	25	82	16	83	67	58
10	6	34	38	24	68	8	84
0	10	52	76	29	44	9	62	66	3	7	61
0	7	54	15	13	55	74	71	31
5	1	14
5	1	80
4	8	35	47	33	12	6	11	26	51
4	1	14
3	1	14
3	1	1
1	17	33	9	26	51	62	52	35	11	7	47	66	6	29	44	76	12	3
1	14	27	18	75	46	17	32	5	60	56	57	20	36	49	21
8	8	11	12	35	33	51	6	47	26
8	9	62	66	3	44	7	29	76	61	52
12	1	14
12	1	79
7	8	11	12	35	51	47	33	6	26
7	10	62	66	3	7	76	44	61	9	29	52
9	1	12
9	1	9
6	1	61
6	1	65
