13
2	37	27	64	30	57	10	52	22	0	5	40	62	2	33	38	42	35	79	83	36	39	66	46	7	84	13	24	26	21	23	56	82	20	73	68	28	65	67
2	13	7	1	3	48	41	58	40	74	24	35	31	84	68
4	8	21	65	57	52	64	36	5	62
4	1	79
10	12	46	30	42	38	73	20	26	82	13	83	67	56
10	6	35	40	24	68	7	84
0	10	2	22	39	0	10	28	23	27	33	66
0	7	53	51	11	12	75	32	72
8	8	52	5	36	62	64	57	65	21
8	9	22	0	39	27	33	23	66	10	28
6	1	33
6	1	63
7	8	52	65	5	64	57	62	36	21
7	10	22	66	0	2	23	27	39	33	10	28
1	17	36	62	21	52	23	57	39	66	22	28	64	65	10	27	0	2	5
1	14	29	76	6	37	14	59	49	54	34	19	47	17	16	55
11	19	23	28	10	22	65	66	64	57	21	27	0	52	5	79	36	33	39	62	2
11	16	77	71	81	8	45	15	4	44	50	60	78	9	69	61	25	43
12	1	79
12	1	80
5	1	79
5	1	70
3	1	79
3	1	18
9	1	64
9	1	2
