13
2	37	45	60	4	28	37	14	52	66	38	11	33	63	23	51	36	40	32	68	83	44	6	34	84	15	24	13	26	65	56	79	82	21	72	78	67	22	64
2	13	47	39	2	0	57	38	24	6	29	32	67	84	73
1	17	4	45	34	60	68	22	63	37	52	65	66	14	79	78	11	51	13
1	14	55	20	5	54	75	16	48	35	19	31	18	27	58	46
0	10	14	63	65	11	60	52	22	23	66	13
0	7	9	8	50	71	74	30	53
10	12	44	28	40	36	72	21	26	82	15	83	64	56
10	6	32	38	24	67	6	84
8	8	37	34	68	45	51	78	4	79
8	9	65	63	11	52	60	14	22	23	13
4	8	78	45	51	37	4	68	34	79
4	1	33
3	1	33
3	1	1
7	8	37	4	51	68	45	34	79	78
7	10	65	22	60	11	52	63	66	23	13	14
11	19	22	60	79	34	65	51	33	11	45	14	13	78	66	63	4	23	37	68	52
11	16	76	17	69	49	7	43	12	3	70	42	41	77	61	59	25	81
5	1	33
5	1	10
12	1	33
12	1	80
6	1	23
6	1	62
9	1	45
9	1	66
