14
2	38	26	32	64	31	9	68	42	44	22	7	16	43	46	37	36	39	85	15	40	13	51	6	25	86	17	27	29	70	61	4	84	24	75	41	71	10	69	57
2	14	62	45	53	2	0	27	71	76	44	36	6	86	34	84
4	7	42	68	40	37	15	4	10
4	1	13
11	12	51	31	46	43	75	24	29	17	84	85	69	61
11	6	36	44	27	71	6	86
1	17	7	40	37	26	9	16	41	39	22	70	68	10	4	32	15	42	64
1	14	59	52	23	21	20	54	35	18	63	78	38	5	30	60
12	20	7	41	25	15	57	9	70	13	10	4	42	22	64	40	68	39	26	37	16	32
12	17	19	11	66	55	79	47	8	28	65	72	80	81	50	48	73	83	3
0	10	39	22	9	70	25	16	26	32	7	41
0	7	12	14	58	56	33	77	74
9	8	42	68	37	40	64	15	10	4
9	9	16	32	25	7	22	39	41	26	70
8	8	37	42	4	68	64	10	15	40
8	10	9	16	70	25	32	22	41	26	39	7
6	1	25
6	1	67
10	1	37
10	1	9
13	1	13
13	1	82
5	1	13
5	1	49
3	1	13
3	1	1
7	1	13
7	1	57
