13
11	19	19	70	54	79	21	44	23	30	64	39	52	55	7	35	11	2	8	27	66
11	16	76	78	68	61	43	69	81	62	45	16	42	50	24	77	10	5
8	8	54	66	2	52	21	79	11	35
8	9	64	23	19	55	30	8	27	44	39
7	8	66	54	52	21	2	11	35	79
7	10	7	64	23	55	30	19	27	44	39	8
2	37	52	64	29	30	2	19	38	54	44	37	41	23	34	11	83	55	7	70	46	9	27	84	8	14	25	66	26	58	82	22	72	67	39	21	35	79	65
2	13	0	40	4	59	67	48	38	84	25	31	9	73	34
1	17	52	64	27	8	11	54	66	30	35	44	79	55	7	23	21	19	2
1	14	47	49	33	75	28	20	15	6	36	56	17	18	60	57
10	12	46	29	41	37	72	22	26	82	14	83	65	58
10	6	34	38	25	67	9	84
4	8	2	79	66	11	54	21	35	52
4	1	70
0	9	39	19	7	44	23	27	55	8	64
0	7	32	13	53	12	74	51	71
9	1	66
9	1	7
6	1	39
6	1	63
5	1	70
5	1	3
3	1	70
3	1	1
12	1	70
12	1	80
