14
2	38	50	36	25	6	71	38	35	68	37	40	32	79	85	64	13	31	44	52	29	7	59	86	14	27	22	23	33	11	57	84	20	74	81	67	65	47	54	66
2	14	46	0	2	32	39	58	75	7	38	67	22	40	86	26
8	8	33	36	79	68	64	54	50	11
8	10	35	6	71	52	47	31	29	13	27	65
11	12	44	25	40	37	74	20	23	84	14	85	66	57
11	6	32	38	22	67	7	86
12	20	33	65	11	71	35	52	54	81	68	29	59	6	36	50	13	64	47	27	79	31
12	17	43	78	80	41	16	83	61	72	42	70	8	62	4	69	9	49	21
1	17	31	29	54	79	47	35	71	27	68	65	33	64	11	50	13	52	36
1	14	15	48	34	77	30	55	17	60	45	5	56	24	18	19
0	9	47	71	27	31	13	6	35	52	65
0	7	51	53	10	12	28	73	76
13	1	59
13	1	82
4	8	64	79	33	11	54	50	68	36
4	1	59
9	8	79	36	68	64	33	54	50	11
9	9	47	6	52	31	29	35	13	27	65
5	1	59
5	1	3
3	1	59
3	1	1
10	1	36
10	1	71
6	1	6
6	1	63
7	1	59
7	1	81
