13
2	37	36	26	34	39	40	3	41	31	68	33	38	48	43	32	44	83	19	37	66	50	7	77	84	11	22	20	23	17	60	82	18	45	73	69	24	30	67
2	13	61	22	2	7	52	42	0	74	69	27	41	32	84
11	19	3	66	77	24	44	19	36	34	17	33	30	45	48	40	68	20	31	39	37
11	16	78	81	71	21	46	54	8	4	47	70	64	79	63	49	14	6
5	1	37
5	1	57
8	8	40	17	24	33	30	19	48	68
8	9	34	45	39	3	20	77	36	31	66
10	12	50	26	43	38	73	18	23	82	11	83	67	60
10	6	32	41	22	69	7	84
7	8	40	68	17	33	24	30	19	48
7	10	34	31	66	3	39	20	77	36	45	44
9	1	17
9	1	44
4	8	24	17	30	33	40	68	48	19
4	1	37
0	10	44	66	77	39	3	20	45	31	34	36
0	7	56	75	9	55	10	28	72
1	17	39	44	68	34	40	48	36	24	33	77	20	66	17	31	19	3	30
1	14	29	13	51	35	59	12	76	62	53	15	16	58	5	25
6	1	45
6	1	65
12	1	37
12	1	80
3	1	37
3	1	1
