14
2	39	3	47	45	26	33	69	36	68	38	65	39	35	41	31	11	86	6	75	29	48	55	8	87	14	66	23	24	13	32	59	85	56	21	77	7	72	71	37	67
2	14	50	60	1	23	40	0	87	78	8	31	38	72	45	27
0	10	55	66	71	13	47	56	68	33	36	75
0	7	53	10	79	54	12	76	28
11	12	48	26	41	35	77	21	24	85	14	86	67	59
11	6	31	38	23	72	8	87
9	8	11	37	3	39	69	65	29	32
9	9	68	75	13	71	36	33	56	66	55
12	20	29	65	55	71	75	32	3	56	7	36	37	33	39	69	68	66	47	13	6	11
12	17	73	52	9	63	22	62	74	4	16	2	81	46	43	42	84	70	82
1	17	66	29	13	11	68	69	55	36	71	32	33	56	65	47	3	37	39
1	14	51	25	18	57	15	61	30	58	80	5	17	34	20	49
8	8	37	69	39	29	3	65	11	32
8	10	75	13	47	33	36	66	71	56	68	55
13	1	6
13	1	83
4	8	32	37	65	69	3	29	39	11
4	1	6
7	1	6
7	1	7
6	1	75
6	1	64
10	1	37
10	1	47
5	1	6
5	1	44
3	1	6
3	1	19
