13
8	8	79	64	3	52	62	18	42	29
8	9	30	10	44	68	78	34	40	67	50
11	18	67	34	64	18	79	44	62	10	33	68	78	42	52	29	23	50	30	3
11	15	7	69	19	4	13	48	70	61	76	58	39	77	38	59	41
2	37	67	78	42	52	24	23	35	30	50	33	10	68	32	37	28	83	34	29	40	43	6	84	44	11	20	21	3	55	18	82	79	64	17	72	62	66	63
2	13	56	66	46	2	36	25	20	28	0	6	84	73	35
10	12	43	24	37	32	72	17	21	82	11	83	63	55
10	6	28	35	20	66	6	84
6	1	30
6	1	60
1	17	78	29	62	10	42	67	3	44	34	40	18	79	64	68	23	50	52
1	14	47	54	5	31	27	45	53	15	75	16	22	12	14	57
0	10	78	34	10	50	44	68	23	40	30	67
0	7	8	49	9	71	51	74	26
4	8	18	64	79	62	42	52	29	3
4	1	33
7	8	18	64	79	3	62	52	42	29
7	10	34	10	23	30	44	78	40	68	67	50
12	1	33
12	1	80
9	1	79
9	1	23
3	1	33
3	1	1
5	1	33
5	1	65
