13
3	1	66
3	1	1
4	8	17	69	23	31	64	67	8	70
4	1	66
8	8	64	31	67	8	69	17	70	23
8	10	47	33	63	19	35	71	26	37	4	81
11	12	44	25	40	36	77	18	22	86	11	87	65	56
11	6	32	38	21	68	6	88
2	40	25	47	37	55	66	17	38	81	63	19	31	36	40	32	4	23	87	69	35	44	33	6	88	11	21	26	22	64	56	86	18	77	70	68	72	71	67	8	46	65
2	15	2	39	57	46	27	68	48	32	0	21	88	78	18	6	38
12	21	70	71	69	67	55	37	63	81	64	72	47	19	33	4	35	17	26	8	23	31	66
12	18	20	7	59	83	60	82	61	50	89	74	13	85	41	73	43	42	3	30
1	17	64	33	63	19	67	26	31	71	8	4	37	70	35	69	23	17	47
1	14	5	15	12	53	54	49	16	29	45	80	14	34	58	24
0	10	4	37	33	81	26	35	63	19	71	47
0	7	10	51	79	28	9	52	76
9	8	8	31	67	64	69	17	23	70
9	9	19	33	63	47	71	26	4	81	37
7	1	66
7	2	55	72
6	1	81
6	1	62
13	1	66
13	1	84
10	1	31
10	1	35
