13
2	37	4	22	27	65	62	58	10	37	69	79	59	64	34	40	20	39	31	83	25	6	36	44	7	55	84	13	23	35	24	9	53	82	75	19	70	66	63
2	13	38	0	2	7	54	84	37	46	72	31	66	23	28
4	8	39	25	20	75	64	79	22	62
4	1	6
11	19	62	58	36	25	6	35	55	9	64	10	75	65	20	4	22	69	39	79	59
11	16	48	81	76	67	32	68	43	15	21	8	57	42	41	3	78	60
1	17	79	36	39	10	9	25	22	35	75	55	65	58	62	64	4	69	20
1	14	52	14	18	51	26	56	47	74	30	17	5	45	16	33
6	1	59
6	1	61
10	12	44	27	40	34	70	19	24	82	13	83	63	53
10	6	31	37	23	66	7	84
7	8	62	39	25	75	20	22	64	79
7	10	35	69	55	4	65	58	59	36	10	9
8	8	20	75	39	79	22	62	64	25
8	9	65	4	58	59	9	36	35	10	55
0	10	36	59	65	55	4	58	35	10	69	9
0	7	12	29	49	11	73	71	50
5	1	6
5	1	77
9	1	39
9	1	69
12	1	6
12	1	80
3	1	6
3	1	1
