13
11	12	51	31	46	40	74	22	28	84	15	85	68	62
11	6	36	43	26	69	8	86
2	38	31	44	14	53	21	1	43	80	9	30	38	40	46	36	85	7	41	51	8	5	86	15	32	26	42	59	28	62	84	22	74	81	69	27	23	49	11	68
2	14	3	45	54	0	63	33	8	43	69	26	86	75	46	36
0	10	32	44	30	42	14	27	59	41	7	23
0	7	58	12	76	13	57	34	73
8	1	21
8	1	32
3	1	9
3	1	2
1	17	38	32	11	30	49	53	44	5	23	27	7	42	14	41	21	1	80
1	14	61	17	39	19	6	64	55	29	16	60	35	20	77	52
12	20	9	32	27	5	23	7	49	80	53	14	21	81	1	11	42	30	38	44	41	59
12	17	24	47	71	70	78	18	56	50	48	10	4	72	25	65	83	79	66
9	8	49	1	5	21	53	80	38	11
9	9	27	14	44	30	42	7	23	41	59
10	8	49	21	1	53	80	5	38	11
10	10	27	32	14	30	42	7	44	23	41	59
6	1	59
6	1	67
4	8	11	21	1	53	80	38	5	49
4	1	9
5	1	9
5	1	37
7	1	9
7	1	81
