13
11	19	69	21	2	78	46	10	39	49	33	25	36	61	79	4	67	64	65	32	6
11	16	76	81	11	58	50	59	70	7	41	43	22	5	17	68	77	42
12	1	25
12	1	80
2	37	39	27	78	79	49	37	32	4	35	40	31	36	83	65	61	6	67	10	69	21	46	44	9	2	84	14	25	23	24	55	82	20	72	64	66	33	63
2	12	56	3	9	47	0	38	84	66	28	23	31	73
1	17	61	69	21	32	65	67	36	78	49	2	46	6	33	10	64	79	4
1	14	45	15	54	48	53	16	30	18	34	57	8	26	75	19
10	12	44	27	40	35	72	20	24	82	14	83	63	55
10	6	31	37	23	66	9	84
8	8	64	32	79	4	6	46	10	61
8	9	65	69	78	2	21	49	33	39	67
7	8	4	32	79	64	6	10	46	61
7	10	39	69	36	78	2	65	21	33	49	67
4	8	61	6	10	32	46	64	79	4
4	1	25
5	1	25
5	1	62
0	10	78	49	39	2	69	21	65	36	33	67
0	7	51	29	74	13	12	52	71
3	1	25
3	1	1
6	1	39
6	1	60
9	1	4
9	1	36
