14
0	9	4	40	67	62	26	47	63	13	7
0	7	10	51	30	75	11	72	53
12	20	7	4	36	71	37	81	52	77	63	66	47	65	40	13	62	67	12	23	26	9
12	17	42	70	8	59	80	43	78	22	3	17	1	79	83	60	50	69	44
8	8	37	23	66	81	12	77	71	9
8	10	13	4	7	62	26	63	36	67	40	47
1	17	7	81	62	9	23	13	36	71	37	77	47	12	66	40	63	4	26
1	14	16	58	18	46	27	15	31	34	55	76	54	5	20	49
11	12	45	28	41	35	73	21	25	14	84	85	64	56
11	6	33	38	24	68	6	86
2	38	13	28	23	63	38	71	47	12	40	35	41	33	85	67	81	7	26	45	6	37	86	14	24	65	25	56	84	21	62	73	4	9	68	36	66	77	64	52
2	14	57	2	0	48	39	33	86	29	24	68	38	74	6	84
4	8	9	37	66	77	12	23	81	71
4	1	65
9	8	81	66	12	71	77	37	9	23
9	9	26	62	63	40	36	13	67	47	4
13	1	65
13	1	82
10	1	66
10	1	7
5	1	65
5	1	32
7	1	65
7	1	52
3	1	65
3	1	19
6	1	67
6	1	61
