13
4	8	22	6	16	32	65	40	80	27
4	1	49
1	17	18	7	39	15	32	65	27	6	16	80	31	22	40	61	14	12	57
1	14	37	55	20	23	33	79	53	5	66	25	62	41	21	60
9	8	80	6	27	22	32	40	16	65
9	9	15	7	57	39	31	61	14	18	43
2	39	43	50	34	18	39	16	22	44	14	12	42	6	46	38	49	86	32	57	61	15	7	52	9	87	65	19	28	31	30	63	40	85	26	76	80	8	72	27	71
2	14	45	2	64	0	77	54	9	87	28	72	38	50	35	44
11	12	52	34	46	42	76	26	30	85	19	86	71	63
11	6	38	44	28	72	9	87
12	20	27	65	80	8	39	40	22	61	16	18	14	15	7	43	12	49	32	6	57	31
12	17	51	29	3	4	81	67	82	11	48	84	74	68	47	70	73	56	24
8	8	80	6	27	22	40	32	16	65
8	10	15	7	57	43	39	12	61	31	14	18
0	10	43	7	14	57	15	61	31	18	12	39
0	7	36	13	17	75	78	58	59
5	1	49
5	1	10
7	1	49
7	1	8
13	1	49
13	1	83
3	1	49
3	1	1
6	1	43
6	1	69
