14
12	21	51	83	60	34	35	58	64	5	57	11	8	6	72	70	75	82	77	88	33	66	20
12	18	9	44	81	85	22	80	62	41	27	49	3	2	69	16	71	42	61	68
2	40	51	26	43	64	38	33	57	75	77	5	11	37	40	58	31	87	20	88	34	45	7	83	89	66	13	23	24	60	70	55	86	21	35	73	8	6	82	67	72	65
2	15	56	1	39	47	89	23	76	0	31	67	43	40	7	28	38
1	17	8	20	57	51	33	66	35	60	5	75	83	34	77	72	58	88	70
1	14	4	25	15	30	36	48	79	54	53	46	17	14	19	59
11	12	45	26	40	37	73	21	24	86	13	87	65	55
11	6	31	38	23	67	7	89
0	10	5	77	57	66	58	51	75	34	64	70
0	7	50	12	52	10	74	78	29
5	1	11
5	1	32
9	8	72	33	83	88	35	8	60	20
9	9	34	51	75	77	5	66	58	70	64
8	8	72	33	60	88	83	35	8	20
8	10	34	51	58	77	75	57	5	66	70	64
7	1	11
7	2	82	6
4	7	60	88	35	8	83	72	33
4	1	11
10	1	72
10	1	57
3	1	11
3	1	18
13	1	11
13	1	84
6	1	64
6	1	63
