13
2	37	35	9	30	67	40	10	52	12	46	49	56	39	42	37	34	83	27	4	36	22	79	47	6	28	84	14	7	21	25	26	55	61	82	23	73	69	68
2	13	50	2	0	41	62	69	25	74	6	34	40	31	84
1	17	4	21	10	52	67	55	36	37	12	27	22	28	35	49	56	46	9
1	14	33	15	60	29	51	20	18	16	38	76	3	48	59	63
11	18	36	46	21	7	28	27	49	79	4	9	35	52	55	10	56	67	12	37
11	15	1	77	65	24	43	45	5	8	44	53	70	78	17	71	81
10	12	47	30	42	39	73	23	26	82	14	83	68	61
10	6	34	40	25	69	6	84
0	10	37	55	12	7	27	46	4	56	67	21
0	7	11	54	75	32	57	13	72
8	8	9	36	28	35	52	10	22	49
8	9	46	12	55	37	67	21	4	7	56
7	8	36	49	9	52	10	28	35	22
7	10	7	56	12	46	27	67	21	55	37	4
6	1	7
6	1	66
4	8	49	35	10	22	9	52	36	28
4	1	79
12	1	79
12	1	80
9	1	36
9	1	27
5	1	79
5	1	58
3	1	79
3	1	19
