13
0	10	30	4	55	54	69	46	65	52	7	34
0	7	51	71	53	74	11	10	26
1	17	64	29	5	4	65	69	30	54	34	37	55	40	46	32	7	76	43
1	14	6	47	31	56	49	16	27	15	60	57	13	23	17	75
2	37	55	24	34	76	65	36	4	43	33	39	28	37	29	7	83	54	69	46	40	45	35	8	64	84	12	20	21	58	82	18	72	67	30	52	32	5	66
2	13	8	2	59	48	38	0	36	25	67	20	28	84	73
10	12	45	24	39	33	72	18	21	82	12	83	66	58
10	6	28	36	20	67	8	84
11	19	4	34	7	55	64	43	54	35	29	52	76	5	40	37	32	69	65	30	46
11	16	14	70	77	9	50	19	41	79	44	62	3	61	78	42	68	81
8	8	76	5	40	37	64	29	43	32
8	9	52	30	46	7	65	4	55	69	34
7	8	64	5	76	37	40	29	43	32
7	9	65	30	52	7	54	46	4	55	34
3	1	35
3	1	1
4	8	64	5	32	40	76	43	29	37
4	1	35
6	1	52
6	1	63
5	1	35
5	1	22
12	1	35
12	1	80
9	1	76
9	1	54
