14
13	1	12
13	1	84
1	17	79	34	67	39	60	88	13	7	40	33	68	80	6	25	48	8	35
1	14	57	21	61	50	5	27	56	52	19	31	77	17	20	36
12	21	48	67	7	33	88	35	80	9	68	66	13	25	40	83	8	60	39	12	6	34	79
12	18	81	44	71	11	70	62	4	23	63	18	43	72	85	53	46	78	3	82
11	12	49	28	42	37	74	22	26	86	16	87	65	58
11	6	32	38	24	69	10	89
2	40	45	28	25	13	38	48	34	80	79	37	42	32	12	87	6	88	40	66	33	49	10	7	89	16	24	26	39	35	58	86	22	60	74	8	67	9	83	69	68	65
2	15	2	41	59	0	10	29	51	69	24	45	42	75	38	89	32
4	8	88	34	79	35	39	60	68	67
4	1	12
3	1	12
3	1	1
9	8	67	88	35	60	39	34	79	68
9	9	6	7	33	80	13	8	66	48	25
8	8	67	88	35	34	39	79	68	60
8	10	6	7	33	40	13	66	48	8	25	80
0	9	66	6	25	40	48	13	80	8	7
0	7	30	15	54	55	73	14	76
6	1	66
6	1	64
10	1	34
10	1	40
7	1	12
7	2	83	9
5	1	12
5	1	47
