14
1	17	10	3	65	44	68	57	20	6	60	51	36	35	32	34	66	24	70
1	14	78	29	56	47	55	49	14	33	25	7	61	18	16	17
2	38	66	68	26	32	10	65	38	24	60	37	40	31	85	73	6	51	34	2	44	70	46	8	86	13	57	22	23	20	3	58	84	19	75	69	36	35	67	53
2	14	0	4	59	39	48	76	31	69	38	8	86	27	22	84
9	8	51	65	66	35	34	32	68	10
9	9	44	36	70	20	60	6	2	57	3
11	12	46	26	40	37	75	19	23	13	84	85	67	58
11	6	31	38	22	69	8	86
8	8	51	68	65	66	35	34	32	10
8	10	44	57	36	70	20	60	24	2	6	3
12	19	44	65	51	53	57	60	70	36	73	35	66	10	68	2	20	6	24	34	3
12	16	9	81	62	79	15	80	83	43	71	5	21	45	63	72	41	42
0	10	60	24	20	6	2	57	44	3	70	36
0	7	12	54	11	28	74	52	77
4	8	32	10	51	34	68	35	66	65
4	1	73
7	1	73
7	1	53
13	1	73
13	1	82
3	1	73
3	1	1
5	1	73
5	1	30
6	1	2
6	1	64
10	1	66
10	1	24
