13
12	21	33	29	65	32	39	52	60	66	88	6	54	16	68	24	69	8	34	23	72	64	45
12	18	61	14	50	9	82	81	3	41	74	4	70	75	44	20	83	42	85	62
2	40	8	43	26	66	54	37	45	29	36	40	31	88	87	34	64	68	65	33	72	46	23	7	89	12	32	21	22	57	39	86	19	77	6	60	73	16	24	69	71	52
2	15	48	2	89	78	0	58	38	31	73	37	7	27	43	21	86
9	8	34	60	8	69	88	68	65	33
9	9	24	23	39	32	45	64	29	16	72
4	8	88	34	65	33	8	60	69	68
4	1	54
11	12	46	26	40	36	77	19	22	12	86	87	71	57
11	6	31	37	21	73	7	89
8	8	34	60	8	69	88	68	65	33
8	10	24	23	39	32	45	64	66	29	16	72
0	10	32	29	64	66	72	39	16	45	24	23
0	7	51	76	10	53	11	28	79
1	17	72	29	39	64	32	24	33	88	60	66	69	34	16	65	23	68	8
1	14	30	55	13	49	35	25	18	15	80	59	5	17	47	56
10	1	60
10	1	66
5	1	54
5	1	67
7	1	54
7	2	6	52
3	1	54
3	1	1
13	1	54
13	1	84
