13
4	8	22	7	3	10	14	13	56	29
4	1	24
12	1	24
12	1	80
10	12	48	31	42	38	73	23	28	82	15	83	68	60
10	6	35	39	27	69	8	84
2	37	31	67	75	59	39	25	5	13	7	38	42	35	83	4	41	29	48	54	8	84	15	27	28	43	24	56	60	82	36	23	73	10	14	3	69	22	68
2	13	1	40	27	61	0	50	8	32	69	39	84	35	74
11	19	59	25	54	29	22	43	24	75	4	10	13	67	3	36	5	41	14	56	7
11	16	78	17	79	26	71	46	44	9	52	47	70	81	65	64	2	45
7	8	7	3	14	56	29	10	13	22
7	10	59	5	4	75	54	43	41	25	36	67
0	10	4	25	75	36	67	59	43	41	5	54
0	7	53	72	55	76	12	11	33
1	16	36	54	29	75	56	10	14	22	4	43	3	67	7	5	59	13
1	13	19	16	58	18	21	6	37	77	34	51	30	62	49
8	8	3	10	56	13	14	7	22	29
8	9	5	43	41	25	4	36	59	67	54
5	1	24
5	1	63
6	1	41
6	1	66
3	1	24
3	1	20
9	1	56
9	1	75
