13
8	8	31	29	39	77	66	59	28	71
8	9	47	54	52	44	38	4	76	49	63
10	12	42	22	35	32	72	17	20	82	11	83	65	56
10	6	27	33	19	67	6	84
2	37	22	59	49	31	4	33	38	39	47	32	35	27	83	54	40	44	63	66	42	6	52	84	28	11	19	76	7	20	29	56	77	82	17	72	67	71	65
2	13	2	45	57	34	67	24	19	33	0	27	6	84	73
7	8	71	29	77	31	66	59	28	39
7	10	49	63	44	47	54	38	7	4	76	52
0	10	44	7	4	38	49	63	52	47	76	54
0	7	10	51	9	70	25	50	74
4	8	77	66	29	31	71	59	39	28
4	1	40
11	19	66	63	76	7	49	29	47	54	44	31	4	38	71	77	40	59	39	52	28
11	16	79	61	8	36	14	3	69	81	78	68	41	37	23	48	60	18
1	17	76	4	28	7	66	39	59	71	29	44	54	47	31	77	52	38	49
1	14	26	46	75	13	55	30	5	43	16	12	15	21	58	53
5	1	40
5	1	64
6	1	63
6	1	62
3	1	40
3	1	1
9	1	29
9	1	7
12	1	40
12	1	80
