14
4	8	69	57	64	8	67	40	47	81
4	1	26
11	12	45	28	39	36	74	21	25	85	13	86	66	56
11	6	32	37	24	70	6	87
2	39	28	8	69	37	54	33	43	4	22	68	36	39	32	57	86	76	64	26	3	65	45	6	67	87	13	24	34	25	47	56	61	85	21	74	40	81	70	82	66
2	14	1	0	58	38	24	32	70	48	3	29	6	37	75	87
9	8	69	67	57	64	81	8	40	47
9	9	61	54	82	43	65	33	22	4	34
1	16	69	61	68	82	33	34	54	47	64	67	8	22	43	81	65	57
1	13	78	31	15	53	49	14	59	55	27	5	20	17	46
0	10	43	33	68	54	22	82	4	34	61	65
0	7	11	10	52	51	73	30	77
12	20	67	68	82	81	40	65	34	47	57	43	22	4	61	69	8	33	54	76	26	64
12	17	71	41	16	2	60	84	79	42	44	9	62	23	50	72	12	18	80
3	1	26
3	1	19
13	1	26
13	1	83
8	8	81	57	64	67	69	8	47	40
8	10	68	82	4	43	65	54	61	33	34	22
5	1	26
5	1	7
7	1	26
7	1	76
6	1	4
6	1	63
10	1	81
10	1	68
