14
2	39	6	19	28	23	39	31	37	4	38	42	80	33	67	86	34	10	12	69	46	79	76	7	87	13	25	55	26	22	81	58	85	21	73	65	47	68	53	63	66
2	14	68	0	2	59	25	41	33	49	29	65	7	39	87	74
4	8	53	63	19	80	10	23	69	22
4	1	12
3	1	12
3	1	1
11	12	46	28	42	38	73	21	26	85	13	86	66	58
11	6	33	39	25	68	7	87
5	1	12
5	1	40
1	17	6	23	47	19	53	80	81	37	22	34	69	55	31	63	67	79	10
1	14	50	48	16	57	36	27	32	14	77	5	15	18	56	60
9	8	53	63	19	80	69	10	22	23
9	9	34	47	31	55	6	67	4	81	79
0	10	6	81	34	79	47	37	31	67	55	4
0	7	9	52	72	75	54	11	30
8	8	53	63	19	80	69	10	22	23
8	10	34	47	31	55	6	37	67	4	81	79
10	1	63
10	1	37
12	20	55	12	37	63	34	19	23	76	69	53	6	10	22	81	31	4	79	80	47	67
12	17	71	20	43	3	8	82	45	35	51	61	44	24	78	62	17	70	84
13	1	12
13	1	83
7	1	12
7	1	76
6	1	4
6	1	64
