14
2	43	53	88	46	12	45	28	39	38	48	13	26	72	61	36	41	34	92	71	21	87	70	25	49	37	11	65	51	7	83	93	14	23	24	59	63	91	20	80	33	75	6	74	73
2	16	2	38	54	40	64	81	23	7	0	87	93	53	74	34	45	30
12	22	37	70	75	72	33	83	26	13	88	49	6	59	11	46	61	65	12	25	21	48	71	39
12	19	77	86	43	15	3	22	78	8	90	4	67	68	56	85	29	76	42	50	47
1	16	39	70	83	13	46	37	61	33	88	75	49	25	72	12	48	59
1	13	32	62	84	5	55	16	19	17	66	18	60	27	35
9	8	59	33	71	83	12	75	70	46
9	9	13	11	72	39	37	61	48	49	88
11	12	51	28	41	36	80	20	24	91	14	92	73	63
11	6	34	38	23	74	7	93
4	8	71	70	83	59	33	75	46	12
4	1	26
0	10	11	61	72	13	48	37	39	49	88	25
0	7	31	10	79	57	9	82	58
8	1	33
8	1	25
13	1	26
13	1	89
10	8	33	83	12	71	75	59	70	46
10	10	11	39	37	72	61	13	48	49	25	88
6	1	11
6	1	69
7	1	26
7	3	65	6	21
3	1	26
3	1	1
5	1	26
5	1	44
