14
1	17	64	39	31	41	15	26	66	77	7	52	44	4	62	67	82	49	71
1	14	12	76	32	45	53	14	47	29	3	24	54	17	57	11
12	20	66	15	4	52	44	62	77	63	22	31	67	41	26	49	39	7	64	19	71	82
12	17	70	13	69	6	79	60	58	59	2	40	83	78	20	48	37	42	38
2	39	67	4	26	25	7	39	15	44	34	52	49	71	41	33	36	30	77	85	19	64	80	66	22	43	63	5	87	10	21	23	55	82	84	18	73	68	62	31	65
2	14	0	56	1	46	35	80	74	68	21	87	34	30	27	5
8	8	67	7	82	39	31	52	41	62
8	10	63	66	71	26	64	77	44	4	15	49
11	12	43	25	36	33	73	18	23	84	10	85	65	55
11	6	30	34	21	68	5	87
0	10	77	44	49	26	71	15	66	4	63	64
0	7	50	9	75	72	8	28	51
4	8	82	62	31	7	52	41	67	39
4	1	22
9	8	31	82	39	67	7	52	62	41
9	9	44	71	77	26	66	4	63	49	15
7	1	22
7	1	19
13	1	22
13	1	81
6	1	63
6	1	61
10	1	67
10	1	64
3	1	22
3	1	16
5	1	22
5	1	86
