13
8	8	49	14	13	8	32	41	26	72
8	9	44	9	51	60	36	62	7	71	55
2	41	39	7	71	48	31	9	41	42	49	36	13	44	62	51	40	45	37	16	88	25	84	53	11	89	18	32	28	60	55	29	14	65	26	87	24	78	10	74	72	8	73
2	15	89	74	66	2	43	56	33	0	84	42	28	37	11	48	79
7	8	49	26	13	14	8	32	41	72
7	10	44	71	51	39	60	9	62	7	36	55
10	12	53	31	45	40	78	24	29	87	18	88	73	65
10	6	37	42	28	74	11	89
0	10	62	60	7	71	44	39	55	51	9	36
0	7	59	15	77	17	61	80	34
11	20	14	51	26	55	36	9	8	10	62	7	72	39	13	49	16	71	41	44	32	60
11	17	3	82	50	76	69	86	68	4	12	75	46	47	83	5	21	58	27
1	17	7	32	14	62	60	13	41	55	26	39	72	49	9	8	71	44	51
1	14	57	81	23	35	67	6	54	20	30	64	22	38	63	19
4	8	14	8	72	26	41	49	13	32
4	1	16
5	1	36
5	1	70
6	1	16
6	2	10	25
9	1	14
9	1	39
12	1	16
12	1	85
3	1	16
3	1	1
