14
13	1	13
13	1	86
2	41	38	65	82	28	44	42	80	10	41	75	45	36	89	4	71	37	77	50	7	5	49	90	15	13	25	22	33	29	26	35	69	59	88	14	23	74	67	68	8	20	66
2	15	43	60	0	2	68	52	44	25	30	14	7	90	42	36	76
8	8	33	35	77	82	8	67	22	20
8	10	49	65	10	5	75	80	37	71	29	38
11	12	50	28	45	41	74	23	26	88	15	89	66	59
11	6	36	42	25	68	7	90
1	17	37	10	38	29	65	77	75	35	8	80	49	20	71	82	67	22	33
1	14	53	57	16	19	51	18	21	6	34	27	79	39	61	58
0	10	37	38	5	75	65	71	49	10	80	29
0	7	11	31	56	78	55	12	73
12	21	22	10	75	13	4	35	67	80	29	33	69	71	5	82	20	37	8	38	65	77	49
12	18	47	17	46	84	40	3	62	9	81	83	85	63	24	70	72	54	87	48
9	8	35	77	8	82	67	22	20	33
9	9	65	10	5	37	80	71	29	38	49
4	7	20	8	33	82	35	77	67
4	1	13
5	1	13
5	1	32
3	1	13
3	1	1
6	1	5
6	1	64
10	1	35
10	1	75
7	1	13
7	2	69	4
