14
0	10	29	70	64	57	28	21	9	44	22	37
0	7	73	52	76	10	12	54	31
12	19	34	67	5	21	82	44	70	57	9	13	4	11	65	28	22	68	53	64	29
12	16	71	43	51	79	45	8	72	3	42	50	61	41	80	23	84	17
11	12	46	27	40	36	74	20	25	85	14	86	66	58
11	6	33	38	24	69	7	87
2	39	27	77	4	57	70	38	53	28	21	36	22	40	33	37	86	68	67	44	34	46	7	65	87	14	24	25	29	58	85	20	11	74	82	69	9	64	5	13	66
2	14	2	0	7	59	24	39	48	30	87	33	69	77	38	75
7	1	67
7	1	5
1	17	53	44	65	64	34	68	11	4	70	57	82	22	13	9	21	28	29
1	14	78	15	35	18	26	56	6	60	32	47	16	19	49	55
9	8	34	13	11	82	4	68	53	65
9	9	28	64	9	29	21	44	57	70	37
6	1	37
6	1	63
8	8	65	13	11	82	4	34	53	68
8	10	70	37	9	29	22	21	28	64	57	44
4	8	11	82	13	65	4	34	68	53
4	1	67
13	1	67
13	1	83
3	1	67
3	1	1
10	1	13
10	1	22
5	1	67
5	1	81
