14
12	20	34	82	58	32	67	59	44	38	3	48	69	7	9	43	71	60	52	79	31	6
12	17	10	22	72	20	73	64	81	15	80	42	84	4	53	65	41	2	46
2	39	79	26	45	31	43	60	71	48	37	69	44	6	58	35	59	40	30	86	34	38	82	52	3	67	32	47	8	87	13	23	24	61	85	21	75	7	70	9	68
2	14	0	1	8	62	23	87	30	50	39	37	76	70	45	27
11	12	47	26	40	35	75	21	24	85	13	86	68	61
11	6	30	37	23	70	8	87
1	17	79	3	31	58	52	82	34	44	43	9	59	48	38	6	67	60	69
1	14	49	14	29	25	19	78	57	5	33	63	56	51	16	17
9	8	48	59	44	82	9	52	58	79
9	9	3	34	43	31	67	71	6	69	38
8	7	48	52	59	58	79	44	82
8	9	3	60	69	34	71	6	38	43	31
4	8	58	59	82	44	9	79	52	48
4	1	32
0	10	6	43	67	31	38	71	3	60	34	69
0	7	11	12	54	74	28	55	77
7	1	32
7	1	7
13	1	32
13	1	83
10	1	52
10	1	60
5	1	32
5	1	36
3	1	32
3	1	18
6	1	71
6	1	66
