12
2	37	44	20	27	21	58	48	39	62	37	41	78	32	83	12	38	45	61	34	79	47	11	5	84	13	66	24	30	25	57	8	82	22	33	72	9	68	67
2	13	50	2	40	28	0	59	68	5	24	32	84	73	39
0	10	38	21	30	61	33	34	78	11	62	12
0	7	29	7	10	53	74	71	54
11	19	34	38	33	79	8	48	66	45	20	44	12	78	9	11	30	61	21	62	58
11	16	81	64	6	3	77	63	23	52	46	43	70	69	15	76	42	19
10	12	47	27	41	37	72	22	25	82	13	83	67	57
10	6	32	39	24	68	5	84
4	8	66	44	45	20	79	48	9	8
4	1	58
8	8	8	48	66	44	45	79	9	20
8	9	30	78	33	61	12	38	34	21	11
7	8	9	8	48	44	20	45	79	66
7	10	21	30	78	61	11	12	38	33	34	62
6	1	38
6	1	65
1	17	21	33	44	79	8	48	11	61	34	9	66	78	30	20	62	12	45
1	14	51	31	60	18	56	35	55	14	17	26	75	49	16	4
5	1	58
5	1	36
12	1	58
12	1	80
9	1	79
9	1	62
