14
0	10	10	19	33	31	68	34	23	55	35	65
0	7	8	7	52	76	54	29	73
2	38	56	27	19	81	44	39	35	12	36	55	34	70	21	38	41	32	85	68	33	23	10	31	46	47	5	86	11	24	65	25	59	84	20	74	69	66	67	53
2	14	0	2	69	28	60	32	49	40	86	5	24	75	39	84
11	12	47	27	41	38	74	20	25	11	84	85	67	59
11	6	32	39	24	69	5	86
1	17	10	36	81	12	46	33	19	34	21	23	65	31	66	68	55	70	56
1	14	13	18	26	37	48	50	15	61	14	57	30	77	58	4
5	1	44
5	1	9
9	8	81	56	36	66	21	70	46	12
9	9	19	33	35	55	34	68	10	65	31
4	8	12	21	66	56	70	36	81	46
4	1	44
12	20	10	53	56	31	66	21	23	46	33	70	19	36	35	12	55	65	34	68	81	44
12	17	79	78	51	6	22	43	42	45	72	80	3	63	62	16	83	71	17
8	1	36
8	1	23
10	8	12	36	66	81	56	21	70	46
10	10	31	35	55	19	33	34	68	23	10	65
13	1	44
13	1	82
7	1	44
7	1	53
3	1	44
3	1	1
6	1	35
6	1	64
