12
10	18	38	4	44	62	34	36	39	22	19	18	66	21	47	6	49	68	46	23
10	15	43	54	3	70	45	77	71	35	64	8	24	63	48	78	80
1	17	38	36	46	6	34	47	68	39	49	23	44	62	4	17	22	21	66
1	14	13	12	58	53	61	33	31	51	15	16	27	5	57	76
9	12	50	28	42	37	73	20	26	81	11	82	67	59
9	6	32	40	25	69	7	83
2	37	47	28	6	38	40	17	23	21	18	66	37	42	32	68	82	46	4	36	19	50	7	83	11	25	22	44	26	49	59	81	20	73	34	69	62	39	67
2	13	52	2	41	69	60	32	0	74	7	25	83	40	29
7	8	62	44	49	34	21	47	4	46
7	9	6	23	17	36	68	66	22	39	18
6	8	62	44	49	34	21	47	4	46
6	10	6	38	17	18	36	68	66	22	23	39
0	10	6	38	23	66	39	17	18	36	22	68
0	7	9	56	75	55	10	72	30
4	8	47	34	21	4	46	49	44	62
4	1	19
11	1	19
11	1	79
8	1	44
8	1	38
3	1	19
3	1	1
5	1	18
5	1	65
