14
2	41	51	24	32	83	74	42	40	53	13	4	5	38	22	46	41	44	36	89	8	52	7	90	16	27	12	28	55	61	30	64	88	25	79	45	75	71	49	14	70	10	73
2	15	56	43	2	0	75	33	65	7	36	80	49	27	10	90	42
0	10	4	24	14	46	13	12	5	55	22	38
0	7	59	11	15	81	78	60	34
1	16	12	5	55	24	45	46	4	30	14	53	51	13	22	71	8	40
1	13	20	62	17	57	66	35	63	39	82	19	31	6	54
12	21	53	4	70	45	30	5	51	8	14	61	13	40	83	74	71	22	24	12	38	46	55
12	18	67	9	23	48	85	18	26	58	84	29	50	3	72	76	47	77	87	68
11	12	52	32	44	41	79	25	28	88	16	89	73	64
11	6	36	42	27	75	7	90
7	1	74
7	2	61	70
9	8	8	51	40	45	83	53	30	71
9	9	46	13	5	55	12	4	38	14	24
4	8	8	45	30	83	51	71	40	53
4	1	74
8	8	71	83	51	45	53	8	40	30
8	10	24	22	13	55	12	4	46	38	5	14
5	1	74
5	1	37
3	1	74
3	1	1
10	1	83
10	1	22
6	1	38
6	1	69
13	1	74
13	1	86
