851
2377	3142	9
135	2030	9
2287	3063	10
223	4424	8
2935	5550	9
2582	5561	9
4883	3995	9
1889	1775	9
3994	3886	9
5587	79	8
2900	2799	8
3986	3831	8
673	1717	9
3050	2177	8
148	1929	9
5370	4782	9
347	1197	9
4823	4031	9
54	5454	9
131	5325	9
937	602	9
2376	2551	9
3704	4109	8
1902	310	8
2852	186	8
4375	3333	8
1153	4680	9
1938	857	9
1485	1544	8
2784	1512	8
1029	2332	8
1912	4631	10
4089	1969	9
3644	5141	8
4259	1973	8
991	3950	8
881	2286	8
1338	2319	9
895	1105	9
2748	3120	8
5251	2122	8
4953	650	10
2309	3870	8
149	166	9
2188	3448	8
5349	2310	9
4933	2336	8
4433	1830	8
1217	4890	9
4343	1001	9
5704	3833	9
5687	321	8
3750	3890	8
4447	5611	9
3517	2202	9
936	2180	9
1456	2285	9
4524	355	8
1256	3866	8
2055	849	9
5209	590	9
4375	2837	8
1503	5529	9
3927	3141	8
5149	5263	9
3981	2053	9
1601	1323	8
3441	2378	8
5017	697	9
5130	2392	9
560	2742	8
5241	133	8
4741	180	8
5251	331	9
4494	5032	9
2173	2231	9
3633	2598	9
5583	3787	8
3805	2492	9
539	1724	9
160	4855	9
2063	475	8
973	739	9
1335	2505	9
1509	5099	8
3512	4685	8
4446	1433	8
4149	698	9
2761	5453	9
1527	3874	8
4187	2459	8
4478	4814	9
5213	3935	9
1458	3861	9
928	3408	8
3182	1843	8
349	844	8
3376	2324	8
5021	4140	9
4363	3481	9
4300	3012	9
515	5466	8
1868	1413	9
3743	3211	9
2955	1357	8
3797	5056	9
1026	1	9
1920	2999	9
2409	1730	9
3829	4515	9
1353	4775	8
438	5145	8
2738	603	10
2337	4359	8
1675	5018	9
4267	5389	8
2824	1383	9
5482	5044	8
1543	5685	9
1282	4548	9
4477	3562	9
3393	3740	9
4514	4297	9
4017	3608	9
4517	4997	8
905	5207	8
2123	4647	9
952	5566	10
5291	2608	8
2474	2965	8
5663	3462	9
781	511	8
3317	1526	8
4158	795	9
2100	953	8
5404	599	9
1672	2106	9
4833	1726	10
3815	306	9
3301	1649	9
4944	1892	8
542	1990	9
2416	4336	8
253	3226	9
4870	5014	8
5612	3434	8
2977	4681	9
4176	2791	9
330	885	9
968	3150	9
3566	1532	8
3023	4628	10
5552	1626	8
2993	5001	9
4781	216	8
3644	3096	8
4789	3737	9
3072	1484	9
821	2871	10
3066	1721	8
3731	1474	8
4355	4763	9
1698	2538	8
164	1291	8
1796	768	8
3838	818	9
760	5385	9
3847	318	9
5279	2843	9
2971	175	9
1487	4453	9
3427	1055	8
4560	2357	9
3056	3878	9
2786	2401	9
4169	4452	9
1959	3767	9
1294	1248	9
1135	5102	9
4067	4122	9
3717	1987	9
4393	1339	8
5350	669	8
5053	230	9
2341	5478	8
915	4914	8
4073	2865	8
3220	1735	8
1826	4976	9
2189	503	9
4233	5662	9
2373	1216	9
3458	917	9
3227	419	9
5522	256	9
4255	711	8
4431	2239	8
1964	2991	9
1006	827	9
3291	5689	9
2870	4449	8
141	685	9
4394	866	9
1427	2343	8
929	4357	9
757	1628	9
2463	5517	9
224	396	9
5279	5060	9
2950	4261	8
821	2895	8
1037	1122	9
4953	5220	8
5500	1469	8
3657	94	8
3867	4546	9
238	3044	9
4859	1985	9
1764	5402	9
243	2047	8
4880	559	8
287	1390	8
4204	3365	9
2298	2481	10
4201	3270	10
2904	3410	9
266	2389	9
1514	1545	8
3332	1242	8
3393	825	9
4396	3416	9
5329	4604	9
2036	3105	9
2083	3404	8
647	2428	8
2121	3409	8
3952	3313	9
5121	2872	8
427	3736	9
1828	377	9
1698	83	8
2369	882	9
344	3563	8
5659	2850	8
3498	3368	9
2037	1249	8
751	5429	8
1631	549	8
193	4640	8
3520	3988	8
4051	4276	8
1043	1957	9
4943	5163	9
3924	1583	8
4373	4756	8
1134	2942	8
2835	4320	8
4847	811	8
2488	406	8
4769	5066	8
1669	4553	9
15	3949	8
2137	3392	9
5293	3897	8
4330	3257	8
5539	1306	9
25	1564	8
5408	3137	9
5089	4161	8
1518	2413	9
579	3513	8
612	4253	8
1950	2593	9
718	1367	9
16	1804	8
5515	1727	8
2007	2743	9
1786	2611	8
4686	1124	8
2921	2687	8
708	1276	8
3436	1376	9
2500	4059	9
648	5185	9
3814	493	8
598	5348	9
4629	4	9
1471	1356	9
2113	5436	9
2088	5622	9
3221	1825	10
923	3240	9
5444	2892	9
4585	4660	8
2796	516	9
4106	2573	10
151	2998	8
3048	3720	9
2364	3092	8
293	3642	8
3581	3824	10
4132	4152	8
4692	2455	8
5068	3026	8
2141	4578	8
3089	486	8
4697	1809	8
3186	2609	8
1227	3887	8
1374	1196	9
5103	4284	8
1129	3921	9
1736	302	8
1751	1813	9
905	5063	10
5659	2928	10
5557	3759	9
1352	114	9
2947	3450	8
5477	3381	8
1591	3151	8
4281	1667	8
4943	3919	9
4785	4900	10
4250	2957	8
2775	3560	9
1859	332	9
957	2641	8
1174	4899	8
4574	5440	8
5101	2774	8
4693	3230	8
5010	725	8
4435	501	8
3417	2029	10
4699	4141	8
5494	1769	10
3996	720	9
4490	459	8
4999	379	8
3980	1375	9
1349	5312	9
5177	4565	9
932	3908	8
4786	5005	8
2741	5200	8
2171	665	8
1451	3251	8
5271	2889	10
557	2683	9
4656	1059	8
3204	3730	9
5191	4536	9
5700	1861	9
4876	2077	9
3757	3991	10
1511	3850	8
5271	802	8
5374	5128	9
1286	239	8
3276	5333	9
5050	5701	9
3023	4794	9
260	3099	8
3931	1823	9
1212	1321	8
42	37	9
509	2677	8
2546	3060	8
4588	3399	9
1004	5247	9
2927	5380	8
5362	1441	9
4375	4538	8
2210	2878	9
483	5255	8
5248	4473	8
4896	3621	9
1520	3751	9
532	244	9
2474	2965	9
702	996	9
837	636	9
2970	1036	8
4482	1145	9
4365	3440	9
3549	2809	8
364	1614	8
2873	3095	9
1974	5195	9
5343	3800	9
2985	5421	9
3711	2695	8
4926	1602	9
1138	1935	9
149	166	8
2542	1318	9
4896	5617	9
1014	495	9
1093	522	9
4335	1254	8
2117	1018	8
1979	3059	8
4204	744	10
3370	4934	8
4341	2813	9
4249	2570	9
2256	2922	9
623	2334	8
3413	4090	9
2900	2799	10
4130	4489	9
4023	553	8
2605	2847	8
1790	4235	8
4302	630	9
4983	4676	8
3944	2263	8
5596	2804	9
2704	2708	9
1245	2623	9
1687	2179	9
5427	1992	9
1169	543	9
4562	536	9
4865	1125	8
150	3299	8
3994	799	9
5146	3444	8
2945	1888	8
3808	177	8
3728	134	9
4027	3493	8
1250	11	9
3452	5051	8
5591	2572	8
3326	1504	9
1878	1091	9
1294	1567	8
3770	2639	8
4982	4845	9
1686	4844	8
349	2354	8
4272	4754	8
4962	4508	9
4346	3816	9
3891	5142	10
5694	4282	8
4435	4929	10
609	84	9
1475	1860	8
4309	5119	8
2057	617	9
5300	1891	8
4850	1000	8
5279	4351	10
2495	1060	9
4265	2534	9
1580	4193	9
5122	1586	8
710	4650	8
4621	1222	8
1912	53	8
5653	4293	9
4155	5614	8
3131	118	10
4104	5353	8
5686	4758	8
4551	4895	9
2567	776	8
893	639	8
333	2009	9
4186	3543	8
4375	2837	10
1723	2919	9
5547	3389	9
597	4246	10
3495	273	9
2691	525	8
3573	3843	9
3393	3460	10
4919	4573	8
3459	4344	8
5020	5683	9
2738	3929	9
4024	2272	9
1086	5342	9
2509	911	9
5157	2086	8
21	4505	8
1807	2225	8
2632	4618	9
3314	3183	8
3006	660	9
17	992	9
1869	2427	8
4840	249	8
1518	5648	8
3612	3541	8
2504	3791	9
4290	1087	9
751	5429	9
1608	5361	9
3203	4229	9
3221	1825	8
132	1071	8
1304	5649	9
2456	4329	8
3527	2658	8
3317	1526	10
4641	2065	9
4281	1720	8
2941	3772	9
1787	2627	8
2305	4056	9
980	916	9
1437	2586	8
5549	5586	8
2917	2118	9
4433	3075	9
3402	4897	8
4271	1718	9
1986	95	8
448	870	9
5198	2664	8
2800	401	8
2099	5079	9
1113	544	8
2638	5459	8
4296	4796	9
2089	1918	8
1481	5150	8
709	5365	8
5482	5044	10
59	3624	10
3361	5165	9
3875	5162	9
1960	1070	9
3702	1100	8
4706	2762	9
1770	465	8
3644	3096	10
5449	484	9
5405	4326	9
5473	4689	8
3531	2128	8
4242	295	8
3065	4956	8
1894	5626	9
430	2112	9
3129	581	8
2566	5641	8
3398	4404	8
1984	5521	8
102	5334	8
211	3820	8
2390	4951	9
4413	4525	9
1694	1368	8
4725	1661	9
4670	1115	8
3437	4949	8
5538	1322	9
423	4624	8
4550	723	9
2615	896	8
2949	2198	8
2125	1191	8
4838	2301	9
3578	1575	8
417	1454	9
5338	5527	8
3587	954	8
5599	67	9
3575	1161	9
2355	966	8
1443	3646	8
5010	4278	9
4762	1066	9
5668	1143	9
785	4247	9
2820	1031	9
4747	413	8
554	3426	9
3876	3993	8
4166	1634	8
3867	5375	8
4843	1762	8
578	845	9
1698	2538	10
584	5590	8
5631	3832	8
1436	1141	8
4766	5623	8
1475	2004	10
2206	4262	9
1261	4984	8
2173	5432	8
3742	2182	9
693	605	9
5597	2476	9
4888	2604	8
2097	276	8
5451	2157	8
3821	2346	9
1019	649	9
397	1904	9
5070	4415	8
341	5510	8
855	3101	9
2860	1517	9
2983	3411	9
4953	2168	8
1656	2823	8
1834	5398	9
2874	4583	8
2686	4825	9
4593	3975	8
1851	1752	8
1712	1157	8
2008	931	8
4067	5061	8
1439	1275	9
4361	2174	9
214	2006	9
5293	1774	10
1655	541	8
1234	3125	8
3039	4199	8
3781	2383	8
1739	2671	10
1408	994	9
3325	384	9
3657	94	10
128	5108	8
2156	2213	9
2979	1057	9
59	1326	8
4333	1588	8
3685	6	9
4721	5381	8
262	443	8
680	1195	8
5551	2469	8
170	2438	8
562	595	8
4457	3262	8
3491	1360	8
3467	2320	9
1590	3705	8
1691	1745	8
998	1885	8
62	1211	8
5089	4161	10
1061	2943	8
3086	1584	9
4746	121	9
3344	3256	8
367	978	9
4791	3956	9
4613	3738	9
2083	3404	10
732	2499	8
4523	3471	9
620	241	9
3366	5085	8
2251	4117	8
618	4968	9
5497	3478	9
2836	449	9
787	5205	8
3782	1653	9
4100	4398	8
3452	1965	9
5584	382	9
3930	2049	9
4952	1633	9
1331	1728	9
3432	2618	8
2793	1378	9
1708	4010	9
4221	3388	9
2596	4622	8
20	5027	8
5177	4565	8
4718	1919	8
607	165	9
3217	5237	8
1338	5253	8
842	1190	8
2916	1493	8
5471	115	8
3393	3460	8
374	2335	9
4472	1432	9
3371	1332	8
4589	4318	9
2751	4743	8
4171	3396	10
5339	1862	8
5232	1257	9
4361	2	9
3735	1505	9
225	3506	9
54	3267	8
4041	491	9
5494	1337	9
463	3103	9
2665	829	9
3726	4708	9
4055	4148	8
3091	4990	9
2104	2736	8
3380	2994	9
2406	1625	8
1072	257	8
2075	4854	9
4271	3153	8
5418	4816	8
642	4463	8
127	3670	9
2353	530	8
5620	5040	8
405	565	9
3635	5028	8
3278	964	9
2988	1402	9
5290	4537	9
2645	3961	8
34	3965	8
1212	1321	10
2738	1678	9
232	3071	8
4832	4033	8
2550	3155	8
1599	3316	8
2562	3723	8
3247	2637	8
5576	4443	8
471	3530	8
625	589	9
3124	5041	9
2232	4230	8
2854	5320	8
4004	3611	8
59	3624	8
5270	1461	8
504	5109	8
2071	5356	9
4249	2570	8
1015	2702	8
5265	2060	9
3547	1798	9
4241	1833	9
620	4006	8
1466	5222	9
932	3908	10
210	546	9
4506	456	8
3573	1556	9
3725	453	9
137	3524	8
5036	5327	8
4277	2940	8
1426	3915	8
69	213	8
5666	1856	8
5277	972	8
1013	930	8
2906	1679	8
3084	2745	9
5135	2464	9
1487	3945	8
2768	1371	9
2721	1875	9
1917	4822	8
3361	1759	10
1531	1012	8
5518	4498	8
3306	2826	8
3778	1742	8
381	2252	8
1067	1731	9
3807	1703	8
4428	1566	8
3146	4797	9
3041	4022	9
4812	4904	8
3644	4332	9
3476	5368	8
4142	5588	9
2397	4577	8
1315	2737	8
4190	3810	8
3281	676	9
1820	2026	9
1382	3652	8
4014	2841	8
5293	4908	9
1488	200	9
3420	4091	9
5483	2085	8
5448	867	9
1460	909	8
923	4748	8
4129	1579	9
3435	4153	8
629	3987	8
1541	4510	8
2699	1768	8
3020	283	9
5667	2845	9
3641	1685	9
3022	2673	8
1998	2668	8
1617	3106	8
4285	4664	9
2630	889	8
5573	3290	8
4492	4778	8
3911	5125	10
1824	628	9
2159	5559	9
496	220	8
1385	4884	9
2685	4379	8
3986	1302	8
2626	2607	9
1259	2681	8
3713	4125	8
657	1873	8
349	2354	10
5506	5024	9
3958	5600	8
4752	3663	9
2656	3272	9
884	3889	9
4127	3350	9
5479	2384	9
609	3558	8
2338	3645	8
3634	604	8
684	444	8
2901	3174	8
4605	4429	8
5020	5683	8
3911	2323	9
28	1597	8
1934	4501	8
5494	3138	9
3534	5371	9
