14
2	42	11	36	33	29	83	60	72	78	44	39	5	22	24	45	38	41	35	90	46	10	7	48	9	34	91	16	26	69	27	68	13	61	89	23	80	73	74	56	4	70	50	71
2	16	62	0	2	50	26	40	9	73	52	30	35	91	23	83	81	39
0	10	13	24	44	45	5	11	46	72	10	22
0	7	79	57	14	55	82	31	15
3	1	7
3	1	1
11	12	48	29	41	38	80	23	27	89	16	90	71	61
11	6	35	39	26	73	9	91
12	22	4	78	24	34	60	68	36	46	22	56	74	69	11	70	45	33	5	10	44	7	72	13
12	19	54	86	42	53	65	43	47	66	85	3	92	25	88	64	76	75	12	77	19
9	8	56	69	34	70	36	33	68	78
9	9	46	5	11	45	10	13	44	22	72
4	8	34	78	56	69	68	70	36	33
4	1	7
7	1	7
7	3	74	60	4
8	8	56	68	78	34	70	36	69	33
8	10	46	22	72	11	45	10	13	5	24	44
1	16	70	24	44	11	45	68	78	22	56	36	69	5	33	34	13	72
1	14	37	18	51	20	63	59	17	21	49	84	32	28	6	58
13	1	7
13	1	87
5	1	7
5	1	8
6	1	46
6	1	67
10	1	56
10	1	24
