14
2	41	9	7	12	30	6	13	4	72	38	47	48	15	37	40	34	84	89	11	25	85	21	51	8	69	66	46	90	17	27	28	70	61	44	88	24	42	78	74	57	71	35
2	15	0	53	2	8	62	27	90	39	85	79	38	35	74	31	34
11	12	51	30	40	37	78	24	28	88	17	89	71	61
11	6	34	38	27	74	8	90
1	17	9	69	21	15	72	13	12	48	4	47	42	84	57	7	6	44	11
1	14	29	59	22	81	5	33	52	36	18	20	60	54	23	63
12	20	69	48	42	13	12	66	57	46	7	11	6	21	72	47	70	4	44	15	9	84
12	17	19	64	83	10	49	45	76	65	3	87	55	41	68	82	43	26	75
9	8	48	9	15	7	12	44	72	42
9	9	6	57	13	46	21	69	4	11	84
8	8	48	7	9	15	12	44	72	42
8	10	6	46	57	13	21	69	4	47	11	84
0	10	47	13	84	21	6	4	69	46	57	11
0	7	58	56	16	80	77	32	14
7	1	66
7	2	70	25
4	8	44	42	72	7	12	48	15	9
4	1	66
10	1	7
10	1	47
13	1	66
13	1	86
6	1	46
6	1	67
5	1	66
5	1	73
3	1	66
3	1	1
