14
2	39	10	54	71	30	77	46	45	40	14	56	11	27	39	42	34	5	86	16	66	38	36	80	21	48	7	87	15	26	28	35	60	85	24	74	69	68	4	23	67
2	14	50	61	2	0	7	41	69	34	40	75	26	77	31	87
12	20	66	4	27	35	38	80	71	14	10	46	68	54	36	11	23	45	5	16	56	21
12	17	52	53	64	44	84	82	72	70	25	47	79	63	43	19	3	9	81
8	8	14	10	23	46	54	5	66	35
8	10	71	21	27	11	36	38	45	68	56	16
0	9	27	56	45	36	16	71	11	38	68
0	7	32	12	55	57	13	73	76
11	12	48	30	42	39	74	24	28	85	15	86	67	60
11	6	34	40	26	69	7	87
1	17	35	21	54	56	11	5	68	14	36	10	71	45	38	16	46	23	66
1	14	62	33	37	51	58	59	17	29	18	78	20	49	22	6
9	8	10	23	46	14	54	5	66	35
9	9	21	27	11	38	71	45	68	56	16
13	1	80
13	1	83
5	1	80
5	1	8
4	8	66	14	5	35	10	54	23	46
4	1	80
3	1	80
3	1	1
7	1	80
7	1	4
6	1	27
6	1	65
10	1	23
10	1	36
