14
2	41	39	90	49	31	84	29	73	16	28	42	81	40	7	41	44	35	36	88	8	51	54	53	10	89	18	69	26	37	27	17	63	87	24	77	9	72	48	11	71	13	70
2	15	43	56	2	78	64	0	72	10	42	26	32	49	16	35	89
12	20	71	69	36	39	90	81	9	11	54	48	29	51	37	28	40	13	7	8	84	17
12	17	45	3	86	12	83	75	5	74	46	67	25	47	50	82	66	58	52
1	17	8	13	17	37	40	54	51	11	69	39	90	36	81	7	73	29	28
1	14	19	38	34	55	57	20	65	30	23	62	22	6	61	80
11	12	53	31	44	41	77	24	27	87	18	88	70	63
11	6	35	42	26	72	10	89
9	8	7	90	13	29	69	37	11	51
9	9	40	8	39	17	36	73	81	48	28
8	8	7	90	69	29	37	11	51	13
8	10	40	8	54	17	36	73	81	48	28	39
4	8	11	90	13	29	7	51	37	69
4	1	84
0	10	40	28	39	73	54	8	48	81	36	17
0	7	14	15	59	76	60	33	79
7	1	84
7	2	71	9
5	1	84
5	1	4
6	1	48
6	1	68
10	1	69
10	1	54
3	1	84
3	1	1
13	1	84
13	1	85
