13
7	8	33	34	8	51	24	18	67	50
7	10	63	59	41	20	62	73	53	29	44	6
11	19	63	62	24	73	50	41	29	44	33	51	53	20	66	18	67	6	59	8	34
11	16	14	70	69	81	60	39	7	42	78	77	10	21	48	61	3	40
2	37	67	20	26	59	63	6	73	8	36	33	53	35	38	31	66	83	50	62	34	43	5	84	12	24	22	41	23	56	82	19	72	68	29	44	51	18	65
2	13	46	57	22	2	37	0	36	74	31	5	68	84	27
8	8	34	67	51	8	18	50	24	33
8	9	59	29	20	73	53	44	62	63	6
10	12	43	26	38	35	72	19	23	82	12	83	65	56
10	6	31	36	22	68	5	84
1	16	8	41	67	62	44	24	20	29	73	50	51	33	18	59	53	34
1	13	17	15	4	47	30	25	13	16	32	55	45	76	58
0	10	41	44	59	20	63	62	53	29	73	6
0	7	52	49	11	71	9	75	28
4	8	8	50	34	24	51	67	33	18
4	1	66
5	1	66
5	1	79
12	1	66
12	1	80
3	1	66
3	1	1
6	1	6
6	1	64
9	1	8
9	1	41
