13
2	37	67	27	61	5	38	28	70	25	49	46	69	13	37	41	33	21	83	40	50	36	47	8	62	7	84	14	23	11	24	58	82	20	74	68	32	34	66
2	13	38	2	39	59	29	52	23	0	8	84	33	75	68
7	8	49	21	34	11	32	36	50	69
7	10	67	40	46	61	5	7	13	62	25	70
8	8	49	34	11	32	21	50	69	36
8	8	40	61	5	7	46	25	70	62
0	10	40	62	7	46	67	70	61	25	13	5
0	7	30	12	10	76	54	55	73
11	19	28	40	70	21	50	69	25	34	62	7	13	36	5	32	61	11	46	49	67
11	16	42	64	9	79	71	63	72	22	78	43	44	17	53	45	3	81
1	17	7	61	49	21	70	32	67	50	62	11	69	34	46	13	5	25	36
1	14	51	31	19	57	6	18	26	15	48	35	77	16	56	60
10	12	47	27	41	37	74	20	24	82	14	83	66	58
10	6	33	38	23	68	8	84
3	1	28
3	1	1
6	1	40
6	1	65
4	8	49	50	36	21	69	11	32	34
4	1	28
9	1	49
9	1	13
5	1	28
5	1	4
12	1	28
12	1	80
