14
11	12	46	24	39	35	74	17	22	84	11	85	66	57
11	6	28	36	21	67	7	86
4	8	68	81	4	59	42	19	70	45
4	1	6
2	38	24	68	38	31	34	4	36	19	63	42	59	35	39	32	44	28	70	85	18	29	54	46	7	86	11	45	21	6	22	57	84	17	74	80	67	65	81	66
2	14	2	48	7	58	28	0	37	67	21	86	75	39	25	36
9	8	42	70	59	4	68	45	81	19
9	9	44	63	54	65	32	31	29	38	34
12	20	42	65	68	81	29	34	80	19	6	38	45	31	54	4	63	59	32	70	44	18
12	17	69	8	41	79	78	62	72	20	30	43	13	83	61	71	3	50	40
1	17	4	68	45	42	63	59	44	65	81	29	54	32	31	19	70	18	38
1	14	33	60	47	23	49	16	27	56	12	15	55	77	5	14
0	10	44	29	63	34	38	32	65	18	54	31
0	7	9	10	26	51	53	76	73
8	7	59	19	70	42	68	45	4
8	9	54	38	63	18	34	44	32	31	65
13	1	6
13	1	82
7	1	6
7	1	80
5	1	6
5	1	52
10	1	59
10	1	18
3	1	6
3	1	1
6	1	34
6	1	64
