12
7	8	32	64	24	33	34	56	10	20
7	9	7	3	25	12	66	65	5	57	46
1	17	70	65	34	12	10	32	46	33	7	24	25	20	3	56	64	57	5
1	14	15	48	26	30	45	53	14	76	35	58	17	4	18	52
0	10	66	57	65	25	70	7	5	3	12	46
0	7	29	72	9	50	51	11	75
2	37	7	70	27	32	5	38	25	66	34	36	40	56	31	57	82	20	3	10	24	62	44	6	83	13	65	22	23	54	33	81	19	73	68	64	46	12	67
2	13	55	22	1	0	6	31	47	39	38	28	83	74	68
9	12	44	27	40	36	73	19	23	81	13	82	67	54
9	6	31	38	22	68	6	83
10	19	66	3	33	5	64	32	46	65	25	7	62	20	70	56	12	10	57	34	24
10	16	60	80	21	71	2	78	77	8	63	42	41	49	43	16	69	59
6	8	64	34	24	33	32	56	20	10
6	10	3	65	25	70	12	66	7	5	46	57
8	1	64
8	1	70
4	8	33	64	20	34	56	32	10	24
4	1	62
5	1	66
5	1	61
11	1	62
11	1	79
3	1	62
3	1	37
