14
2	43	82	6	51	30	38	83	43	1	77	62	41	53	45	89	87	37	66	92	35	39	47	50	31	54	74	9	93	15	24	46	25	36	65	91	22	79	8	73	5	26	42	72	27
2	16	0	73	2	44	67	56	43	24	9	93	33	37	51	83	80	27
1	17	62	6	47	26	35	31	46	53	39	89	87	74	38	1	50	66	82
1	14	28	57	7	40	34	64	55	21	63	19	16	68	18	84
13	1	36
13	1	88
11	12	54	30	45	41	79	22	25	91	15	92	72	65
11	6	37	43	24	73	9	93
12	22	5	89	42	77	74	8	47	36	39	1	87	26	6	82	38	46	50	35	62	53	31	66
12	19	59	90	11	70	76	4	58	29	17	10	85	69	23	52	49	75	3	86	48
4	8	62	53	50	31	46	47	26	82
4	1	36
9	8	47	53	50	31	26	82	46	62
9	9	6	89	87	38	1	35	77	39	74
0	10	87	77	6	1	38	35	89	74	66	39
0	7	14	32	12	60	81	61	78
8	8	53	46	50	31	26	82	47	62
8	10	89	39	87	38	1	35	66	77	6	74
6	1	77
6	1	71
10	1	53
10	1	66
7	1	36
7	3	42	5	8
5	1	36
5	1	13
3	1	36
3	1	20
