13
11	12	42	27	38	34	70	20	25	13	84	85	63	54
11	6	31	36	24	66	8	86
12	20	33	65	11	35	64	81	48	5	74	21	22	49	51	4	57	7	62	17	61	76
12	17	78	9	58	79	46	59	77	39	23	83	68	67	80	40	3	41	16
2	38	27	5	33	36	22	57	81	62	34	38	31	85	7	76	49	51	21	4	61	42	65	8	17	86	13	24	64	11	25	54	84	20	74	70	35	66	63	48
2	14	2	37	55	44	0	24	28	66	36	8	31	86	71	84
0	10	76	51	61	81	5	33	21	22	65	7
0	7	69	47	10	29	50	12	73
1	17	64	33	17	65	61	57	7	35	74	5	11	21	49	22	51	62	76
1	14	6	14	43	30	45	56	53	75	15	32	18	26	19	52
9	8	17	74	35	11	57	49	64	62
9	9	76	65	33	51	7	61	22	81	21
8	8	62	49	11	74	35	57	17	64
8	10	5	61	51	65	33	7	76	22	81	21
4	8	17	64	11	49	35	74	62	57
4	1	4
10	1	62
10	1	5
6	1	81
6	1	60
5	1	4
5	1	72
7	1	4
7	1	48
13	1	4
13	1	82
