13
1	17	22	41	9	64	58	79	12	37	26	21	65	42	4	7	32	34	54
1	14	75	5	31	19	50	17	55	36	27	18	14	60	56	48
11	19	22	21	34	26	42	32	41	54	15	65	37	58	76	9	79	7	64	12	4
11	16	23	69	77	61	70	78	51	46	62	44	16	3	67	8	45	81
8	7	26	58	21	54	22	7	41
8	8	9	15	79	37	12	64	4	42
10	12	47	28	43	38	72	20	25	82	13	83	66	57
10	6	33	39	24	68	6	84
2	37	32	28	76	54	26	39	42	12	64	22	58	38	43	65	33	4	34	83	79	37	9	47	7	6	41	84	13	24	21	25	57	82	20	72	15	68	66
2	13	49	2	29	0	59	40	68	24	6	73	39	84	33
0	10	64	79	12	34	15	4	65	37	9	42
0	7	52	10	74	11	30	53	71
7	8	26	58	32	21	54	7	41	22
7	10	9	15	34	79	37	65	12	4	42	64
4	8	7	21	22	41	54	32	26	58
4	1	76
6	1	15
6	1	63
3	1	76
3	1	1
12	1	76
12	1	80
9	1	58
9	1	65
5	1	76
5	1	35
