14
8	8	84	78	51	2	10	38	48	64
8	10	49	36	27	1	87	63	24	67	29	91
12	23	84	87	48	49	51	34	74	5	29	38	91	36	1	24	10	64	27	2	67	63	53	60	78
12	20	58	72	50	80	71	62	22	40	17	47	93	11	89	90	79	25	46	6	76	4
2	45	64	91	31	38	44	42	2	1	10	87	24	27	78	29	41	45	37	8	88	95	5	53	84	36	34	60	49	67	52	9	63	96	15	26	28	48	68	94	23	82	77	51	74	12	75
2	17	0	77	3	56	69	43	37	26	44	8	9	88	32	42	12	83	96
11	12	52	31	45	41	82	23	28	94	15	95	75	68
11	6	37	42	26	77	9	96
7	1	60
7	4	74	5	34	53
1	17	36	10	2	78	29	38	49	48	51	63	24	1	64	67	91	84	27
1	14	19	66	86	21	65	70	57	54	39	16	35	30	18	7
9	1	78
9	1	67
0	10	36	24	63	49	1	27	29	67	87	91
0	7	85	14	13	59	81	61	33
4	8	64	38	2	51	10	84	78	48
4	1	60
10	8	2	78	10	84	51	48	64	38
10	9	1	87	63	36	49	27	29	91	24
3	1	60
3	1	20
6	1	87
6	1	73
5	1	60
5	1	55
13	1	60
13	1	92
