13
11	19	32	45	66	73	7	34	8	6	36	46	42	55	37	62	26	14	79	49	22
11	16	21	81	63	9	77	64	69	53	78	70	43	44	10	18	3	47
2	37	36	27	55	38	46	42	45	26	35	41	31	83	66	48	14	5	49	84	13	32	73	23	62	37	24	22	8	59	82	20	34	72	7	79	68	6	67
2	13	51	2	0	60	39	68	38	28	23	84	5	31	74
10	12	48	27	41	35	72	20	24	82	13	83	67	59
10	6	31	38	23	68	5	84
12	1	37
12	1	80
1	17	62	6	14	7	79	73	49	55	8	42	45	66	22	32	46	26	36
1	14	30	4	19	15	50	52	61	25	16	17	33	76	57	58
4	8	66	14	32	8	79	6	36	55
4	1	37
0	10	26	34	22	45	49	42	7	62	46	73
0	7	71	29	12	75	11	56	54
7	1	14
7	1	42
8	8	32	14	8	55	6	79	66	36
8	9	62	45	49	7	46	26	34	73	22
9	8	32	14	6	79	8	55	36	66
9	10	62	45	42	46	26	49	7	22	34	73
3	1	37
3	1	1
6	1	34
6	1	65
5	1	37
5	1	40
