14
2	39	82	26	36	76	65	78	35	2	38	67	47	37	40	33	11	44	86	29	61	1	46	10	87	15	23	24	6	43	57	74	85	21	73	69	59	8	7	31	66
2	14	0	4	39	33	58	23	27	10	49	69	38	75	87	78
0	9	11	43	29	35	2	36	6	76	44
0	7	77	72	53	54	14	13	28
8	8	1	74	82	7	61	59	31	67
8	10	44	29	65	36	6	2	35	43	76	11
13	1	47
13	1	83
9	8	7	74	82	61	59	67	31	1
9	9	36	29	65	6	2	43	11	76	44
11	12	46	26	40	37	73	21	24	85	15	86	66	57
11	6	33	38	23	69	10	87
12	20	8	59	6	44	47	61	7	35	29	1	67	11	74	31	65	36	43	76	82	2
12	17	52	42	71	68	70	22	41	12	51	45	84	62	5	80	18	63	81
1	17	82	1	35	65	61	7	29	6	44	43	36	31	11	59	67	2	74
1	14	56	9	17	16	25	79	30	50	55	20	19	60	48	34
4	8	82	67	74	61	1	59	7	31
4	1	47
5	1	47
5	1	32
7	1	47
7	1	8
6	1	76
6	1	64
10	1	31
10	1	35
3	1	47
3	1	3
