13
2	37	27	36	18	26	39	70	35	33	75	38	41	31	83	37	66	32	42	64	46	5	84	6	13	23	60	21	12	24	57	56	82	20	73	67	8	71	65
2	13	48	58	40	2	74	5	39	0	23	67	84	28	31
4	8	66	8	42	37	6	71	56	27
4	1	35
8	8	6	71	56	37	8	42	66	27
8	9	32	33	75	36	18	12	64	60	70
10	12	46	26	41	38	73	20	24	82	13	83	65	57
10	6	31	39	23	67	5	84
7	7	6	56	71	37	42	66	27
7	9	32	21	33	75	36	18	64	60	70
11	19	64	37	60	56	36	27	32	71	75	18	66	70	21	12	33	42	35	8	6
11	16	9	61	78	3	62	44	15	50	81	79	43	69	22	51	68	45
1	17	8	66	71	75	60	18	42	27	64	6	32	33	56	12	37	21	70
1	14	25	55	4	17	14	30	77	59	47	54	49	19	34	16
0	10	21	33	75	64	70	36	18	60	32	12
0	7	53	10	76	52	11	29	72
12	1	35
12	1	80
9	1	56
9	1	21
6	1	36
6	1	63
5	1	35
5	1	7
3	1	35
3	1	1
