14
12	20	40	69	6	33	48	52	56	82	43	7	79	32	5	9	35	44	2	13	37	34
12	17	80	84	55	72	12	45	54	65	71	4	47	19	81	67	64	23	46
1	16	82	32	40	37	2	13	56	48	52	9	69	7	33	5	79	35
1	14	8	50	17	63	36	78	53	30	18	59	20	26	21	60
4	8	32	13	37	82	7	79	2	35
4	1	44
2	39	32	27	77	79	5	39	44	34	38	42	31	86	13	69	52	40	33	49	10	48	87	9	16	24	25	56	35	61	85	22	7	74	37	82	70	43	6	2	68
2	14	0	3	51	41	62	28	24	10	70	75	77	87	39	31
11	12	49	27	42	38	74	22	25	85	16	86	68	61
11	6	31	39	24	70	10	87
3	1	44
3	1	1
8	8	79	37	35	32	13	2	82	7
8	10	52	34	40	69	9	48	5	33	43	56
9	8	37	82	32	13	2	79	35	7
9	9	34	33	9	48	5	43	40	69	56
0	10	48	56	52	33	5	43	40	69	34	9
0	7	57	14	58	29	15	76	73
5	1	44
5	1	11
7	1	44
7	1	6
6	1	43
6	1	66
13	1	44
13	1	83
10	1	79
10	1	52
