14
2	39	25	28	39	6	65	82	19	37	26	81	52	24	36	40	46	32	86	4	66	58	68	59	64	44	7	87	12	22	23	18	55	33	85	20	73	63	79	69	67
2	14	56	2	38	7	47	0	37	69	39	29	22	32	87	74
9	8	18	52	81	63	19	64	82	33
9	9	26	65	24	46	6	58	66	79	25
4	8	33	18	63	81	52	82	19	64
4	1	68
8	8	19	52	18	64	81	33	63	82
8	10	59	65	26	6	58	24	66	25	46	79
11	12	44	28	40	36	73	20	23	85	12	86	67	55
11	6	32	37	22	69	7	87
12	20	26	81	4	6	63	33	79	65	19	25	24	64	46	58	59	66	52	82	68	18
12	17	78	80	35	84	70	21	71	9	3	43	14	41	61	60	49	77	42
1	17	18	64	19	46	52	24	82	81	33	65	58	63	79	25	6	59	26
1	14	57	45	17	48	34	13	5	54	76	31	53	27	16	15
0	9	24	65	26	25	79	6	66	58	59
0	7	11	50	10	75	30	72	51
10	1	19
10	1	59
13	1	68
13	1	83
7	1	68
7	1	4
3	1	68
3	1	1
5	1	68
5	1	8
6	1	66
6	1	62
