14
2	41	69	30	6	12	57	39	66	32	68	15	38	41	36	48	14	81	89	3	84	9	80	45	7	90	17	8	27	28	55	58	88	25	76	72	59	31	5	67	11	47	70
2	15	60	1	49	27	47	36	72	40	77	0	7	90	39	33	11
12	21	84	9	67	81	69	57	80	59	14	12	6	5	31	32	3	8	66	68	15	48	55
12	18	26	42	24	62	10	63	82	73	44	43	83	51	64	20	87	74	85	2
9	8	14	12	81	31	84	5	55	59
9	9	8	6	3	15	69	80	66	32	68
11	12	45	30	41	38	76	25	28	88	17	89	70	58
11	6	36	39	27	72	7	90
8	8	14	12	59	55	81	31	84	5
8	10	8	6	68	9	3	15	69	80	66	32
1	16	9	80	68	15	6	12	66	31	81	55	69	59	8	14	3	5
1	13	19	18	50	61	21	4	37	23	35	29	54	46	56
0	10	69	68	15	6	66	80	3	32	9	8
0	7	52	13	16	78	34	53	75
4	8	14	81	84	55	59	31	5	12
4	1	48
13	1	48
13	1	86
7	1	48
7	2	57	67
3	1	48
3	1	22
10	1	55
10	1	9
5	1	48
5	1	71
6	1	32
6	1	65
