13
8	8	38	79	74	34	66	6	61	78
8	9	22	24	39	28	5	50	30	52	42
0	10	30	50	24	42	28	39	22	5	52	63
0	7	26	10	9	49	73	70	51
10	12	44	23	37	32	71	17	20	82	11	83	64	55
10	6	29	33	19	67	7	84
2	37	23	78	28	39	33	42	30	66	79	6	63	32	37	29	83	50	52	24	22	44	7	5	84	11	19	36	20	55	82	17	71	74	34	67	38	61	64
2	12	2	0	56	7	29	46	35	19	67	72	33	84
11	19	79	52	22	38	39	34	61	5	42	50	78	63	36	6	30	28	24	74	66
11	16	68	8	76	40	13	3	58	69	18	41	65	77	59	81	43	48
1	17	39	5	6	61	22	74	38	79	24	52	28	50	42	63	78	66	34
1	14	53	47	54	31	12	45	57	21	27	15	14	75	4	16
7	8	79	61	74	38	66	6	34	78
7	10	24	52	39	22	5	50	28	63	42	30
12	1	36
12	1	80
4	8	61	34	38	6	78	79	66	74
4	1	36
3	1	36
3	1	1
9	1	34
9	1	63
6	1	30
6	1	60
5	1	36
5	1	62
