14
9	8	81	24	17	46	27	45	80	57
9	9	37	56	29	28	63	78	35	75	68
2	40	68	56	44	26	37	63	57	39	45	28	35	38	41	78	33	88	34	81	48	7	46	24	89	11	21	27	20	23	75	60	17	87	18	73	6	69	29	80	67	54
2	15	61	2	40	39	0	69	7	89	50	21	30	44	33	87	74
8	8	24	81	57	17	45	80	46	27
8	10	56	37	68	34	29	63	35	75	28	78
0	10	68	35	37	75	29	56	78	34	63	28
0	7	72	10	53	31	9	55	76
12	20	27	63	75	56	17	54	57	24	6	29	37	34	20	35	46	68	45	28	78	80
12	17	84	86	8	71	3	82	47	70	4	65	42	79	83	52	13	43	64
11	12	48	26	41	38	73	18	23	11	87	88	67	60
11	6	33	39	21	69	7	89
4	8	45	27	81	57	17	46	24	80
4	1	20
13	1	20
13	1	85
7	1	20
7	2	54	6
1	17	27	80	28	81	46	75	17	24	56	45	68	35	63	37	34	57	78
1	14	58	36	51	77	5	32	16	25	62	59	12	15	14	49
3	1	20
3	1	1
6	1	29
6	1	66
5	1	20
5	1	19
10	1	17
10	1	34
