13
2	37	66	23	28	29	61	8	24	46	41	1	32	68	39	35	51	40	43	34	83	77	49	9	84	14	25	26	7	59	82	21	73	12	69	4	36	5	67
2	13	42	2	52	0	34	60	74	25	9	69	41	30	84
1	17	61	24	68	39	32	35	77	7	5	8	36	4	51	29	66	12	23
1	14	33	38	53	62	15	17	20	27	76	50	6	18	58	57
10	12	49	28	43	40	73	21	26	82	14	83	67	59
10	6	34	41	25	69	9	84
7	8	4	12	36	5	51	8	24	32
7	10	23	35	66	46	39	29	68	61	77	7
4	8	24	32	51	5	36	12	4	8
4	1	1
0	10	35	29	68	7	23	77	39	66	61	46
0	7	13	75	11	72	56	55	31
11	19	51	23	77	4	29	1	35	5	36	8	32	39	12	46	24	66	7	61	68
11	16	54	16	44	47	81	37	78	3	22	70	45	71	79	64	63	10
5	1	1
5	1	48
8	8	5	51	8	24	4	32	12	36
8	9	46	39	29	68	61	23	7	35	66
9	1	5
9	1	77
3	1	1
3	1	19
6	1	46
6	1	65
12	1	1
12	1	80
