14
12	21	36	61	72	53	11	65	7	6	82	68	21	33	35	62	69	60	40	34	26	73	8
12	18	75	2	51	81	74	86	4	44	46	10	25	22	84	63	83	17	64	43
8	8	82	61	69	35	6	62	11	72
8	10	34	65	68	8	60	73	40	36	26	33
4	8	11	6	35	69	62	82	61	72
4	1	21
2	40	68	60	45	28	6	34	35	39	65	33	21	73	38	42	26	32	88	72	36	40	61	47	9	89	11	14	8	23	24	57	87	20	62	77	7	71	69	82	70	53
2	15	9	41	3	49	58	29	39	0	23	71	32	89	45	78	87
11	12	47	28	42	38	77	20	24	14	87	88	70	57
11	6	32	39	23	71	9	89
0	10	8	34	68	33	40	60	73	36	65	26
0	7	54	76	52	12	13	79	30
9	8	72	35	6	61	69	62	82	11
9	8	33	60	73	26	68	40	34	36
6	1	26
6	1	66
1	17	69	8	61	6	36	11	35	40	34	62	82	33	60	68	65	72	73
1	14	37	16	19	59	50	27	80	15	55	56	48	31	18	5
3	1	21
3	1	1
7	1	21
7	2	53	7
10	1	61
10	1	8
5	1	21
5	1	67
13	1	21
13	1	85
