13
8	8	31	32	38	64	49	44	75	62
8	9	58	65	52	71	43	6	23	21	25
1	17	44	38	58	49	4	65	62	25	6	71	75	52	43	64	21	32	31
1	14	34	77	12	16	13	48	5	28	46	15	55	54	22	59
0	10	6	71	21	4	65	25	58	23	43	52
0	7	51	10	72	53	9	27	76
11	19	75	38	6	64	4	44	52	43	62	71	49	23	32	65	21	31	58	25	67
11	16	42	18	8	79	40	60	81	50	78	3	61	69	70	14	41	30
2	37	65	24	52	36	21	49	71	35	43	39	29	83	23	4	25	38	58	44	45	7	6	84	11	19	20	67	62	56	31	82	17	73	32	68	64	75	66
2	13	68	2	57	0	37	29	36	47	26	19	7	74	84
10	12	45	24	39	35	73	17	20	82	11	83	66	56
10	6	29	36	19	68	7	84
7	8	32	38	75	49	31	44	64	62
7	10	65	52	21	4	58	43	6	71	25	23
5	1	67
5	1	33
4	8	44	49	38	32	75	64	62	31
4	1	67
3	1	67
3	1	1
9	1	49
9	1	4
12	1	67
12	1	80
6	1	23
6	1	63
