14
0	9	57	71	20	72	77	46	74	10	34
0	6	9	11	28	81	54	78
2	41	69	26	60	37	34	39	83	46	32	77	71	72	38	43	33	31	89	25	56	48	35	57	6	41	90	12	22	10	23	61	63	74	30	88	19	79	73	5	20	50	70
2	15	27	1	50	0	62	51	42	22	90	6	80	73	32	39	31
11	12	48	26	43	38	79	19	23	88	12	89	70	61
11	6	31	39	22	73	6	90
9	8	63	35	25	41	33	37	83	30
9	9	72	77	10	57	34	71	74	20	46
8	8	63	35	41	25	83	33	37	30
8	10	72	77	57	56	10	74	34	71	20	46
1	17	41	30	56	35	77	34	72	71	63	10	74	25	37	83	57	33	46
1	14	3	64	14	82	29	16	13	18	58	52	49	59	24	36
12	21	46	34	56	41	30	60	20	74	63	25	33	37	57	71	5	83	10	77	35	69	72
12	18	84	8	44	53	45	66	67	76	2	47	65	85	4	75	15	21	40	87
4	8	25	41	35	33	30	63	83	37
4	1	69
7	1	69
7	2	60	5
3	1	69
3	1	17
6	1	20
6	1	68
5	1	69
5	1	7
13	1	69
13	1	86
10	1	63
10	1	56
