14
0	10	19	67	50	30	49	53	33	6	70	63
0	7	10	11	48	28	51	72	75
9	7	81	5	80	23	56	24	7
9	8	30	67	63	19	6	50	33	53
8	8	32	81	80	56	24	5	7	23
8	10	70	49	19	50	33	30	67	63	53	6
2	38	50	55	25	5	56	36	70	80	63	35	39	31	32	85	67	6	49	33	43	19	8	86	12	21	30	23	81	22	57	84	18	73	53	79	66	7	24	64
2	14	8	74	2	0	58	38	45	36	27	39	66	31	21	86
1	17	19	6	23	56	32	70	24	81	67	49	5	53	80	7	50	33	63
1	14	46	52	44	76	54	13	34	17	15	59	4	26	29	16
11	12	43	25	39	35	73	18	22	84	12	85	64	57
11	6	31	36	21	66	8	86
4	8	5	32	23	81	7	56	24	80
4	1	55
13	1	55
13	1	82
12	20	56	30	70	53	50	7	63	33	6	49	79	19	67	5	55	23	32	81	80	24
12	17	20	61	77	69	9	68	83	14	40	71	41	65	42	78	3	47	60
7	1	55
7	1	79
6	1	30
6	1	62
3	1	55
3	1	1
10	1	81
10	1	49
5	1	55
5	1	37
