13
2	37	19	26	54	64	35	31	37	68	16	63	34	33	40	38	20	30	82	6	41	57	46	66	4	83	11	23	24	5	78	56	81	21	44	72	67	36	65
2	13	58	1	4	0	48	39	30	83	23	73	37	67	27
1	16	5	57	36	38	68	64	66	63	54	44	19	31	20	35	33	6
1	13	15	12	59	75	17	53	55	32	29	49	13	47	3
11	19	64	63	41	36	57	44	35	31	54	66	78	20	19	5	68	33	16	38	6
11	16	14	60	61	43	76	70	45	7	77	8	42	80	2	50	69	22
4	8	35	16	63	38	33	68	36	66
4	1	78
10	12	46	26	40	34	72	21	24	81	11	82	65	56
10	6	30	37	23	67	4	83
7	8	33	36	68	66	35	16	63	38
7	10	44	20	41	57	64	31	6	54	19	5
0	10	5	41	20	54	64	31	6	44	57	19
0	7	74	28	10	51	71	9	52
8	8	36	68	35	16	63	38	33	66
8	9	20	5	64	31	6	54	44	41	57
9	1	68
9	1	19
12	1	78
12	1	79
3	1	78
3	1	18
6	1	41
6	1	62
5	1	78
5	1	84
