14
2	41	47	29	66	80	71	61	39	35	13	34	68	38	41	33	22	90	83	12	36	75	58	46	7	42	91	14	26	27	3	11	24	59	89	23	76	21	86	70	4	67	54
2	16	39	1	49	26	60	7	78	91	40	0	70	41	30	80	33	89
0	10	47	75	42	71	13	12	58	24	35	68
0	7	79	53	31	10	9	77	55
12	22	36	4	34	47	24	54	12	35	42	66	21	75	71	58	86	22	11	61	13	68	3	83
12	19	85	52	6	88	84	82	73	64	2	72	8	16	74	44	63	51	43	45	25
11	12	46	29	41	38	76	23	27	14	89	90	67	59
11	6	33	39	26	70	7	91
8	8	22	66	3	83	61	21	11	36
8	10	71	42	58	13	12	68	35	75	47	24
9	8	3	83	61	21	22	11	66	36
9	9	58	13	12	35	71	75	42	47	24
1	17	36	83	3	24	58	61	71	47	13	21	12	22	35	75	66	68	11
1	14	57	81	48	15	56	5	18	32	28	50	62	20	17	37
10	1	66
10	1	68
7	1	34
7	3	4	86	54
13	1	34
13	1	87
4	8	22	83	3	36	11	61	66	21
4	1	34
5	1	34
5	1	69
6	1	42
6	1	65
3	1	34
3	1	19
