13
2	37	56	66	64	68	23	43	34	30	37	17	31	35	39	28	83	67	47	29	45	63	5	6	84	10	20	33	21	24	3	57	82	18	73	77	69	36	65
2	13	48	69	0	1	5	74	58	84	38	28	25	20	37
4	8	24	56	34	31	68	66	63	47
4	1	30
1	17	56	64	3	6	67	63	34	66	33	36	17	77	24	47	43	68	31
1	14	16	49	11	54	46	32	4	27	14	13	22	59	76	55
10	12	45	23	39	35	73	18	21	82	10	83	65	57
10	6	28	37	20	69	5	84
8	8	66	24	34	47	68	63	31	56
8	9	64	77	33	6	43	67	3	29	36
7	8	66	56	24	34	47	68	63	31
7	9	64	36	77	33	6	43	17	67	3
0	10	33	64	29	43	67	17	77	36	6	3
0	7	51	8	26	72	53	75	9
11	19	6	77	29	33	67	36	30	43	24	17	68	64	47	31	34	63	56	3	66
11	16	78	71	61	7	12	81	52	70	40	19	41	79	60	42	2	50
12	1	30
12	1	80
6	1	29
6	1	62
3	1	30
3	1	15
9	1	56
9	1	17
5	1	30
5	1	44
