14
12	20	37	61	27	70	6	32	45	82	34	41	60	8	54	78	5	9	67	2	76	14
12	17	80	72	11	66	44	51	81	71	62	22	43	33	18	4	63	84	46
4	8	14	8	60	34	32	9	82	41
4	1	6
11	12	47	26	42	38	74	21	24	85	15	86	68	57
11	6	31	39	23	69	10	87
1	17	9	70	37	27	60	82	76	32	14	34	61	41	2	45	54	5	8
1	14	20	30	16	36	7	59	48	56	50	25	19	17	55	79
2	39	26	32	61	9	39	67	38	42	31	86	6	54	82	27	76	37	47	78	70	10	87	41	15	23	5	2	24	45	57	34	85	21	74	65	14	69	8	60	68
2	14	3	49	40	69	0	58	31	75	87	65	10	39	23	28
9	8	14	41	60	8	82	9	32	34
9	9	5	45	76	70	61	67	37	27	2
8	8	14	41	8	60	82	9	32	34
8	10	5	45	70	76	61	54	67	37	27	2
10	1	9
10	1	54
0	10	2	61	67	37	27	45	70	54	5	76
0	7	77	12	29	13	52	53	73
13	1	6
13	1	83
3	1	6
3	1	1
7	1	6
7	1	78
5	1	6
5	1	35
6	1	67
6	1	64
