13
1	17	48	7	67	13	44	79	43	38	54	25	63	45	73	3	5	30	76
1	14	23	55	16	50	15	59	56	18	28	31	17	47	6	75
2	37	73	25	24	13	5	35	63	48	38	76	33	7	39	29	83	54	30	37	79	67	44	46	8	84	12	21	32	22	45	57	82	19	71	66	43	3	65
2	12	58	4	36	8	66	49	0	84	35	72	21	29
11	19	54	44	3	7	37	45	30	43	63	76	67	5	73	13	25	32	79	48	38
11	16	2	77	42	14	61	60	51	41	9	20	81	40	69	34	68	78
8	8	43	54	3	45	48	30	76	38
8	9	25	37	7	63	13	79	5	44	67
10	12	46	24	39	33	71	19	22	82	12	83	65	57
10	6	29	35	21	66	8	84
7	8	43	30	3	38	54	45	76	48
7	10	25	79	7	44	67	37	63	5	13	73
9	1	54
9	1	73
4	8	30	54	38	45	3	43	48	76
4	1	32
0	10	67	79	5	25	63	37	7	44	73	13
0	7	74	10	52	11	27	70	53
6	1	37
6	1	62
5	1	32
5	1	64
12	1	32
12	1	80
3	1	32
3	1	1
