14
2	41	12	28	37	57	33	6	38	65	34	67	36	40	32	89	85	22	13	69	45	79	46	5	78	10	90	14	24	27	1	7	25	58	88	21	74	43	84	68	48	66	53
2	16	49	2	39	48	59	5	0	24	68	75	38	40	29	90	32	88
4	8	13	79	27	85	6	12	67	33
4	1	10
1	17	7	45	33	37	1	13	85	22	78	6	12	65	67	34	27	79	69
1	14	18	31	20	50	15	77	26	55	56	47	17	4	35	60
11	12	46	28	40	36	74	21	25	14	88	89	66	58
11	6	32	38	24	68	5	90
12	21	12	78	85	1	57	53	27	6	43	34	22	7	84	65	10	37	45	79	67	69	33
12	18	44	71	70	81	62	80	61	82	63	8	16	87	72	41	83	42	51	3
0	10	7	37	78	34	69	43	65	45	22	1
0	7	76	9	52	11	30	54	73
9	8	12	85	6	33	13	79	27	67
9	9	22	78	1	43	7	45	69	34	37
8	8	12	13	33	6	67	79	27	85
8	10	22	45	65	1	37	69	7	34	78	43
7	1	10
7	3	84	53	57
10	1	33
10	1	65
6	1	43
6	1	64
13	1	10
13	1	86
5	1	10
5	1	91
3	1	10
3	1	19
