14
2	41	19	26	66	42	34	43	35	68	5	73	33	38	30	55	89	9	84	65	41	70	32	24	46	6	90	53	13	22	71	23	44	58	88	20	78	7	74	67	64	85	69
2	15	36	2	35	0	59	67	22	49	79	74	6	43	90	27	30
12	21	41	68	73	32	66	55	34	24	53	5	42	85	9	65	44	64	19	84	70	71	7
12	18	76	39	10	83	87	72	8	61	75	45	3	82	16	51	62	21	40	48
11	12	46	26	38	33	78	20	23	88	13	89	69	58
11	6	30	35	22	74	6	90
1	17	84	68	44	70	73	41	5	65	9	34	85	32	66	71	19	53	42
1	14	81	15	4	29	50	25	56	14	18	57	17	60	31	47
9	8	44	84	32	85	5	71	53	42
9	9	41	70	9	66	64	34	19	73	65
8	8	44	84	85	5	32	71	53	42
8	10	41	70	66	68	64	34	9	19	73	65
4	8	32	44	85	53	84	71	42	5
4	1	24
0	9	19	9	41	64	70	34	66	68	65
0	7	12	11	28	52	80	54	77
5	1	24
5	1	37
10	1	85
10	1	68
13	1	24
13	1	86
3	1	24
3	1	1
6	1	64
6	1	63
7	1	24
7	2	55	7
