13
11	19	34	9	40	79	37	32	65	6	54	25	4	29	63	33	45	75	78	26	23
11	16	69	13	68	43	51	81	7	76	60	61	44	39	46	2	19	77
10	12	47	24	42	36	71	18	21	82	11	83	66	57
10	6	31	38	20	67	5	84
2	37	34	24	29	25	9	63	75	38	33	79	65	36	42	31	83	6	26	78	47	4	5	84	11	20	21	57	82	45	18	71	67	23	32	40	54	37	66
2	13	41	1	0	49	67	72	58	20	84	5	27	38	31
8	8	75	37	29	26	25	78	45	40
8	9	32	65	54	4	33	23	6	9	34
0	10	33	54	32	65	34	6	9	79	4	23
0	7	10	73	8	52	70	53	28
5	1	63
5	1	64
1	17	78	75	23	32	26	25	65	45	34	37	9	33	79	40	54	29	6
1	14	74	17	30	15	56	35	50	48	3	55	12	14	22	59
7	7	75	26	37	25	29	78	45
7	9	79	33	32	65	23	54	6	9	4
4	8	37	25	26	75	29	78	45	40
4	1	63
9	1	75
9	1	79
6	1	4
6	1	62
3	1	63
3	1	16
12	1	63
12	1	80
