13
11	19	7	4	35	60	48	46	5	26	67	68	44	40	66	27	32	42	12	49	34
11	16	63	79	78	43	72	23	71	9	45	3	64	20	81	16	47	54
10	12	50	25	41	36	74	19	22	82	13	83	69	59
10	6	31	37	21	70	8	84
2	37	25	26	42	67	40	5	7	49	37	48	66	35	34	68	36	27	41	31	32	46	83	60	50	8	84	13	21	22	4	12	59	82	19	74	70	69	44
2	13	2	52	61	39	31	28	0	21	8	70	75	84	37
0	10	48	12	67	32	42	60	35	40	27	46
0	7	11	73	55	10	76	56	29
8	8	44	7	4	26	66	68	34	49
8	9	40	67	42	48	32	27	35	46	12
7	8	44	34	7	49	4	26	66	68
7	10	40	46	67	12	42	48	32	27	60	35
4	8	26	44	34	68	7	66	4	49
4	1	5
1	17	4	27	7	60	42	32	49	68	34	48	67	46	12	26	44	66	35
1	14	58	30	33	15	17	53	51	62	6	14	57	24	18	77
9	1	44
9	1	60
12	1	5
12	1	80
6	1	40
6	1	65
3	1	5
3	1	1
5	1	5
5	1	38
