13
2	37	8	33	26	20	27	21	37	66	74	61	43	83	58	38	32	35	36	40	31	82	2	56	46	6	84	11	22	24	48	57	81	17	18	72	68	19	67
2	13	39	3	37	59	68	0	49	22	73	31	6	84	28
10	12	46	26	40	36	72	18	24	81	11	82	67	57
10	6	31	37	22	68	6	84
11	19	17	61	32	8	27	43	66	38	58	56	19	35	2	74	20	48	33	21	83
11	16	4	70	65	41	45	77	42	14	62	23	78	69	80	7	63	51
0	10	58	20	27	61	8	21	56	66	33	48
0	7	10	75	9	53	52	71	29
1	17	2	19	8	21	66	58	48	38	20	17	56	27	61	83	43	74	35
1	14	55	34	13	30	12	60	15	16	54	50	5	47	25	76
12	1	32
12	1	79
4	8	74	38	35	83	2	43	17	19
4	1	32
8	8	38	19	2	17	35	83	43	74
8	9	58	21	66	20	48	27	56	61	33
5	1	32
5	1	44
7	8	17	19	38	35	83	43	2	74
7	10	20	21	58	48	27	8	56	66	61	33
3	1	32
3	1	1
9	1	17
9	1	8
6	1	33
6	1	64
