12
7	8	76	7	35	61	66	15	23	75
7	10	8	10	64	55	77	12	5	63	38	2
1	17	8	35	55	63	61	7	66	23	76	75	5	2	15	64	10	77	38
1	14	17	46	18	31	21	27	6	36	57	53	20	74	52	48
2	37	2	28	61	23	39	34	38	10	76	77	37	55	41	32	83	5	7	75	45	9	35	84	16	66	25	8	26	63	12	54	64	82	22	15	71	65	62
2	13	25	3	0	56	29	9	47	40	39	72	65	32	84
8	1	61
8	1	55
10	12	45	28	41	37	71	22	26	82	16	83	62	54
10	6	32	39	25	65	9	84
0	10	55	64	12	2	38	8	10	77	5	63
0	7	51	70	30	14	50	13	73
11	19	75	7	55	5	34	15	10	12	77	2	76	38	35	66	8	23	63	61	64
11	16	79	67	42	81	33	24	68	59	78	43	11	44	49	58	4	19
4	8	61	23	76	7	75	35	15	66
4	1	34
9	8	35	76	15	61	23	7	66	75
9	9	64	8	63	12	5	38	10	77	2
6	1	12
6	1	60
5	1	34
5	1	69
12	1	34
12	1	80
