14
8	8	50	42	26	62	80	35	6	65
8	10	33	73	64	67	10	17	23	3	58	44
11	12	45	28	39	36	72	20	25	12	84	85	66	56
11	6	32	37	24	68	5	86
2	38	28	42	58	80	37	23	17	67	35	10	73	81	36	39	32	85	62	44	3	50	65	45	5	86	12	33	24	25	26	64	56	84	20	72	68	6	66	52
2	14	1	47	38	57	24	32	37	74	68	0	29	86	5	84
9	8	42	65	35	26	80	50	6	62
9	9	73	44	17	64	10	33	3	58	67
0	10	17	73	67	33	58	10	23	3	44	64
0	7	11	8	51	75	30	53	71
12	19	58	26	62	52	81	3	33	50	44	80	35	65	17	42	23	73	10	6	67
12	17	83	22	49	77	21	14	7	60	70	2	41	69	78	79	40	61	43
5	1	81
5	1	9
10	1	80
10	1	23
1	17	80	67	64	26	6	35	58	3	17	33	42	73	65	50	62	23	44
1	14	18	48	31	76	46	59	16	54	13	55	27	34	4	15
13	1	81
13	1	82
4	8	26	65	6	35	42	62	50	80
4	1	81
7	1	81
7	1	52
3	1	81
3	1	19
6	1	10
6	1	63
