14
2	44	53	5	62	30	28	59	24	0	45	12	88	39	91	86	44	47	37	32	96	36	6	38	68	51	13	9	97	16	40	26	75	27	66	43	95	23	82	90	77	41	63	70	76	92
2	17	3	46	55	67	45	97	9	83	1	53	63	26	37	47	77	33	43
7	1	6
7	5	54	90	92	68	75
4	8	91	32	13	41	0	39	70	62
4	1	6
11	12	51	30	47	44	82	23	27	95	16	96	76	66
11	6	37	45	26	77	9	97
1	17	38	32	13	70	40	39	62	36	59	0	41	24	86	5	12	91	28
1	14	35	29	52	42	17	22	69	61	20	7	85	21	56	64
9	8	32	91	39	41	62	70	0	13
9	9	86	40	88	38	5	12	59	28	36
13	1	6
13	1	93
8	8	32	91	41	39	62	70	0	13
8	10	86	40	38	88	5	24	12	59	28	36
10	1	39
10	1	24
12	24	59	28	40	41	24	62	86	36	90	12	68	13	91	5	92	6	38	39	88	0	70	32	54	75
12	21	94	79	87	25	48	49	18	80	10	31	50	89	8	15	4	72	57	71	78	74	65
6	1	88
6	1	73
0	10	5	12	59	24	36	40	28	38	86	88
0	7	14	58	84	60	81	11	34
5	1	6
5	1	19
3	1	6
3	1	2
