14
0	10	21	80	63	5	6	33	71	48	8	50
0	7	57	56	10	11	78	31	82
2	41	42	5	6	36	27	45	74	48	25	8	21	41	44	70	34	71	89	29	39	51	7	90	13	33	22	24	50	65	76	60	37	88	35	20	79	69	12	63	80	68	40
2	15	43	61	22	53	2	81	34	0	42	69	90	74	30	7	76
8	8	70	65	29	35	25	36	12	39
8	10	50	33	8	48	71	21	6	63	80	5
11	12	51	27	44	41	79	20	24	88	13	89	68	60
11	6	34	42	22	69	7	90
12	21	39	40	80	5	37	50	8	45	71	12	25	63	48	6	36	33	70	21	65	35	29
12	18	23	75	9	18	73	87	77	15	64	85	66	84	55	72	46	47	49	3
1	17	70	12	63	29	39	71	35	80	5	36	33	25	65	6	8	50	21
1	14	26	38	54	19	83	58	52	32	4	14	59	62	17	16
9	8	29	35	70	25	36	65	12	39
9	9	8	71	50	6	63	48	33	80	5
13	1	45
13	1	86
4	7	70	29	39	35	65	12	25
4	1	45
5	1	45
5	1	28
7	1	45
7	2	40	37
3	1	45
3	1	1
6	1	48
6	1	67
10	1	29
10	1	21
