13
0	10	32	64	7	25	67	12	63	59	43	45
0	7	28	51	11	70	52	10	73
4	8	9	39	36	33	53	4	74	31
4	1	84
11	19	32	63	36	67	31	64	9	45	33	43	74	59	7	25	84	39	4	53	12
11	16	61	8	42	15	3	50	69	20	80	44	76	79	60	77	68	41
10	12	46	24	40	35	71	19	22	81	13	82	65	56
10	6	30	37	21	66	6	83
2	37	24	39	37	53	12	64	84	7	35	40	59	30	25	32	82	4	45	63	46	6	83	74	13	21	67	22	43	56	81	19	71	9	66	31	36	33	65
2	13	2	48	57	27	21	66	38	0	30	6	83	37	72
3	1	84
3	1	1
7	8	74	4	31	9	53	36	39	33
7	10	67	25	43	12	59	45	7	63	32	64
6	1	32
6	1	62
1	17	67	4	9	36	74	39	59	63	64	7	31	25	33	43	53	45	12
1	14	54	55	5	58	47	34	49	29	14	18	75	17	23	16
8	8	4	31	53	36	39	74	9	33
8	9	25	43	45	7	63	67	32	59	64
9	1	31
9	1	12
5	1	84
5	1	26
12	1	84
12	1	78
