14
9	8	28	35	20	9	81	34	68	82
9	9	27	78	33	48	6	55	38	4	7
8	8	28	20	35	9	34	81	68	82
8	10	27	55	78	48	36	38	33	6	4	7
0	10	27	38	33	78	6	7	55	36	48	4
0	7	13	30	54	12	76	56	73
2	39	78	26	27	59	68	41	6	55	39	43	32	86	36	34	11	9	48	47	8	33	38	87	14	23	4	82	24	20	60	85	21	74	35	7	81	70	28	50	69
2	14	8	2	23	50	51	61	42	0	41	87	75	70	32	29
11	12	47	26	43	39	74	21	24	85	14	86	69	60
11	6	32	41	23	70	8	87
1	17	81	34	28	27	9	35	55	38	82	48	78	7	68	20	36	6	4
1	14	37	58	63	15	49	77	18	25	57	31	52	5	19	17
12	20	34	35	55	33	59	78	28	7	82	11	4	27	81	20	48	36	6	38	68	9
12	17	80	22	84	65	66	10	45	72	71	62	79	64	3	16	44	53	46
4	7	20	28	34	68	82	9	81
4	1	11
6	1	33
6	1	67
13	1	11
13	1	83
3	1	11
3	1	1
10	1	20
10	1	36
7	1	11
7	1	59
5	1	11
5	1	40
