14
12	20	45	52	69	71	38	59	13	29	55	34	70	31	35	30	67	86	24	33	56	66
12	17	6	81	73	83	64	17	80	26	20	11	74	42	63	3	51	43	46
2	39	45	71	22	70	35	39	24	30	29	31	37	41	28	67	38	85	66	34	69	47	5	87	13	9	18	33	19	55	60	52	84	59	16	76	56	72	86	44	68
2	14	61	39	2	72	49	40	23	87	0	5	18	44	77	28
0	10	71	45	30	38	24	34	66	31	70	13
0	7	78	53	25	8	75	7	54
11	12	47	22	41	37	76	16	19	84	9	85	68	60
11	6	28	39	18	72	5	87
1	17	35	70	67	13	69	86	66	56	34	45	52	59	31	71	33	24	30
1	14	36	50	15	10	21	4	48	57	27	58	79	12	14	62
3	1	29
3	1	1
8	8	52	86	33	67	59	35	69	56
8	10	13	66	24	71	45	31	30	70	34	38
4	7	67	52	69	33	56	59	35
4	1	29
6	1	38
6	1	65
9	8	69	86	33	67	59	56	35	52
9	9	70	66	24	71	45	34	30	13	38
10	1	67
10	1	31
7	1	29
7	1	55
13	1	29
13	1	82
5	1	29
5	1	32
