13
1	17	30	10	39	53	49	79	56	46	66	16	8	32	74	23	63	25	65
1	14	4	45	15	59	12	28	54	17	55	31	75	22	14	48
4	8	10	23	30	66	74	53	46	32
4	1	43
10	12	44	24	38	33	71	18	21	82	11	83	64	57
10	6	29	34	20	67	5	84
2	37	24	63	43	8	34	74	16	33	38	35	32	29	83	10	56	39	25	65	46	44	5	30	84	11	49	20	21	79	57	82	18	71	66	67	53	23	64
2	13	2	58	72	47	36	29	0	84	34	26	5	20	67
11	19	46	53	25	23	8	32	49	66	30	56	16	74	65	10	35	63	39	79	43
11	16	3	41	69	68	6	60	77	78	50	13	19	42	61	40	81	37
0	10	39	8	35	56	63	25	79	49	16	65
0	7	73	51	27	70	52	7	9
7	1	46
7	1	63
8	7	46	66	53	32	30	74	10
8	8	35	49	16	8	65	39	79	56
9	8	46	23	66	53	32	30	74	10
9	10	35	25	49	16	63	8	65	39	79	56
3	1	43
3	1	1
5	1	43
5	1	76
12	1	43
12	1	80
6	1	35
6	1	62
