13
7	8	41	68	42	77	66	64	29	44
7	10	17	55	30	22	51	63	35	59	67	33
2	37	51	24	22	67	68	36	33	41	34	38	55	28	83	30	59	77	63	45	4	35	84	8	64	20	66	42	21	17	29	16	56	82	15	73	69	44	65
2	13	37	1	69	57	0	20	84	47	4	25	28	74	36
11	18	29	17	16	41	35	64	44	66	30	33	42	51	22	67	59	77	63	55
11	15	43	78	32	79	61	60	19	49	71	5	70	39	11	81	2
10	12	45	24	38	34	73	15	21	82	8	83	65	56
10	6	28	36	20	69	4	84
1	17	66	63	77	17	41	59	51	29	44	55	67	42	22	64	33	30	68
1	14	3	27	14	9	54	12	48	46	76	53	23	10	31	58
0	10	35	33	67	59	51	55	17	22	63	30
0	7	26	50	72	75	6	7	52
8	8	77	64	41	68	29	44	42	66
8	9	35	63	17	55	59	67	33	30	51
4	8	77	66	42	64	41	29	68	44
4	1	16
6	1	35
6	1	62
12	1	16
12	1	80
5	1	16
5	1	18
3	1	16
3	1	13
9	1	77
9	1	22
