14
2	38	62	12	37	29	27	6	73	18	64	36	40	33	8	38	84	51	69	45	26	47	41	7	77	85	13	24	80	25	57	22	44	83	21	72	66	67	16	65
2	14	30	58	39	3	66	49	85	7	0	37	33	24	74	21
4	8	77	64	44	16	18	45	69	22
4	1	62
12	20	69	38	18	26	80	16	62	22	41	51	77	27	64	67	73	12	6	44	45	8
12	17	2	61	60	9	70	46	5	43	78	82	52	79	86	42	19	68	23
11	12	47	29	40	36	72	21	25	83	13	84	65	57
11	6	33	37	24	66	7	85
1	17	73	26	27	45	41	77	69	18	22	80	16	12	6	44	8	64	51
1	14	32	50	76	14	4	20	34	59	48	15	55	28	56	17
0	9	6	80	8	73	12	26	41	27	51
0	6	71	10	11	53	54	75
9	8	18	45	69	22	44	16	77	64
9	9	26	73	51	41	80	6	27	38	8
6	1	38
6	1	63
8	8	18	64	45	69	22	44	16	77
8	10	26	8	73	51	41	38	80	6	12	27
5	1	62
5	1	35
13	1	62
13	1	81
10	1	69
10	1	12
7	1	62
7	1	67
3	1	62
3	1	1
