14
8	8	36	7	29	66	6	65	80	13
8	10	16	68	81	11	63	5	3	26	28	41
1	17	28	6	36	5	65	66	3	68	41	11	26	29	81	63	7	13	80
1	14	17	47	22	49	4	30	19	34	18	76	55	37	56	59
9	8	80	7	29	66	6	65	36	13
9	9	26	68	81	11	63	5	3	41	16
2	38	13	3	31	28	5	39	11	6	81	38	66	42	35	64	36	85	16	68	80	46	8	86	15	25	27	26	57	84	23	73	65	63	69	41	29	7	67	52
2	14	0	58	1	40	69	8	48	32	35	86	74	25	39	84
11	12	46	31	42	38	73	23	27	15	84	85	67	57
11	6	35	39	25	69	8	86
5	1	64
5	1	10
12	20	68	66	11	52	41	65	29	6	81	13	64	7	16	26	3	63	5	28	80	36
12	17	9	70	71	77	78	50	24	45	79	54	60	61	83	20	43	44	2
0	10	28	63	5	26	81	16	3	11	68	41
0	7	53	72	12	14	51	33	75
4	8	80	65	7	29	13	6	66	36
4	1	64
3	1	64
3	1	21
10	1	36
10	1	28
7	1	64
7	1	52
6	1	16
6	1	62
13	1	64
13	1	82
