14
1	17	35	4	19	42	67	62	11	33	79	39	22	6	12	8	69	45	31
1	14	30	16	15	34	51	61	18	20	5	57	26	78	48	56
8	8	69	39	45	6	79	11	22	67
8	10	8	12	31	62	82	33	19	42	35	4
12	19	42	79	22	58	12	11	45	8	6	33	82	67	31	35	69	38	39	62	19
12	16	80	3	81	64	73	44	46	9	72	84	65	63	17	23	71	52
0	10	33	8	31	62	82	35	12	19	42	4
0	7	77	53	74	10	29	13	55
2	39	31	39	27	69	8	58	62	37	38	36	41	32	86	82	35	19	42	4	47	7	87	14	24	79	33	25	12	59	6	85	21	75	70	11	22	45	67	49	68
2	14	60	50	2	0	7	49	40	70	28	87	24	37	76	32
11	12	47	27	41	36	75	21	25	85	14	86	68	59
11	6	32	37	24	70	7	87
9	8	11	6	39	22	79	67	45	69
9	9	19	62	12	42	82	33	35	31	8
3	1	38
3	1	1
6	1	82
6	1	66
10	1	79
10	1	4
4	8	67	45	69	39	79	11	22	6
4	1	38
7	1	38
7	1	58
5	1	38
5	1	54
13	1	38
13	1	83
