12
2	37	19	80	26	39	35	60	34	33	37	77	31	30	68	82	23	78	73	64	49	43	8	83	12	22	59	24	20	7	53	81	18	69	62	4	74	38	61
2	13	45	36	2	0	54	31	70	22	62	8	35	27	83
1	17	39	38	4	19	60	30	77	34	73	7	64	59	74	23	80	20	49
1	14	72	32	16	25	44	29	13	51	46	52	17	15	5	55
10	19	7	64	77	59	20	34	38	74	23	60	78	80	73	39	49	30	19	68	4
10	16	65	76	75	3	47	14	56	9	40	42	63	21	41	66	57	6
9	12	43	26	37	33	69	18	24	81	12	82	61	53
9	6	31	35	22	62	8	83
11	1	78
11	1	79
4	7	64	38	59	19	39	49	60
4	1	78
0	10	73	4	80	74	7	68	23	77	34	30
0	7	10	71	11	48	28	50	67
3	1	78
3	1	1
7	8	39	64	38	59	49	19	60	20
7	9	74	77	30	68	4	80	7	34	73
6	8	39	59	19	38	20	49	64	60
6	10	74	23	7	30	68	4	73	80	77	34
8	1	59
8	1	23
5	1	68
5	1	58
