14
2	43	5	10	76	40	31	75	47	32	41	62	39	46	49	7	37	92	67	38	88	11	45	13	54	79	33	9	93	24	17	15	26	28	27	72	64	91	23	82	77	52	73	42	4
2	16	65	56	2	0	48	79	37	83	47	77	42	26	9	4	34	93
0	10	39	62	5	67	15	11	27	33	7	13
0	7	59	14	16	60	81	84	35
12	22	38	76	15	5	40	33	10	39	62	67	24	41	13	32	11	88	45	75	72	7	52	27
12	19	29	58	80	86	25	90	53	12	50	44	78	87	20	3	51	68	71	69	74
11	12	54	31	49	46	82	23	28	91	17	92	73	64
11	6	37	47	26	77	9	93
4	8	88	10	32	45	40	75	41	76
4	1	24
9	8	41	45	75	40	32	10	76	88
9	9	15	5	27	39	13	11	62	7	33
1	16	5	27	32	75	13	11	67	15	40	45	39	76	41	62	10	33
1	13	18	36	63	43	61	19	57	85	66	6	30	55	21
8	8	41	75	45	40	32	88	10	76
8	10	15	27	5	39	13	67	11	7	33	62
6	1	7
6	1	70
5	1	24
5	1	8
10	1	88
10	1	67
13	1	24
13	1	89
7	1	24
7	3	72	52	38
3	1	24
3	1	1
