13
10	12	47	29	43	38	72	20	26	82	14	83	64	56
10	6	35	41	25	66	7	84
2	37	29	39	63	22	41	11	78	21	67	9	31	70	38	43	35	36	4	83	27	10	47	7	84	14	25	26	30	56	59	82	20	72	79	66	65	6	64
2	13	2	57	7	49	0	32	42	35	73	41	66	84	25
11	19	36	9	67	4	22	39	21	30	65	70	63	6	10	59	79	78	11	27	31
11	16	61	16	68	51	46	69	40	8	76	24	44	81	3	60	45	77
1	17	59	78	9	31	67	11	65	10	30	22	79	6	70	39	27	4	63
1	14	18	19	54	55	28	37	15	17	34	48	75	50	58	5
8	8	4	67	31	78	27	11	6	22
8	9	39	70	79	59	65	63	36	30	9
0	10	70	79	59	65	9	30	10	63	39	36
0	7	12	13	74	71	52	53	33
7	8	4	31	78	11	67	27	6	22
7	10	39	79	10	59	63	36	70	65	30	9
4	8	78	11	4	67	31	27	22	6
4	1	21
9	1	78
9	1	10
3	1	21
3	1	1
12	1	21
12	1	80
5	1	21
5	1	23
6	1	36
6	1	62
