14
9	8	7	26	71	12	65	68	4	6
9	9	87	80	64	53	51	57	21	11	59
2	39	26	29	59	51	57	6	53	64	36	12	80	35	39	33	48	85	21	22	81	87	77	44	5	86	13	24	25	56	68	84	11	20	72	67	65	4	7	71	66
2	14	46	1	58	37	67	5	81	24	86	30	33	0	36	74
1	17	53	64	57	6	65	59	12	4	26	68	7	11	21	48	51	80	71
1	14	32	14	47	60	45	17	34	76	3	28	19	16	54	55
11	12	44	29	39	35	72	20	25	84	13	85	66	56
11	6	33	36	24	67	5	86
12	19	64	87	68	51	6	7	4	71	77	21	11	53	26	80	48	65	57	59	12
12	16	78	62	69	15	41	2	23	79	27	8	49	70	40	42	83	61
0	10	11	21	59	57	51	87	64	53	48	80
0	7	10	50	75	9	73	31	52
8	8	4	26	7	12	65	68	71	6
8	10	21	80	59	87	48	53	51	57	64	11
6	1	87
6	1	63
4	8	68	65	71	26	6	4	7	12
4	1	77
3	1	77
3	1	18
10	1	7
10	1	48
13	1	77
13	1	82
7	1	77
7	1	22
5	1	77
5	1	38
