14
4	8	39	55	66	1	79	67	30	69
4	1	76
2	39	50	47	25	36	24	38	40	67	55	9	33	30	35	43	32	27	2	86	10	76	61	48	6	69	87	12	21	22	59	66	83	85	19	74	39	70	1	79	68
2	14	3	42	60	51	70	0	21	32	75	50	6	38	87	28
1	17	10	67	9	40	1	55	24	83	47	39	2	66	69	27	30	33	79
1	14	31	58	57	52	62	23	15	13	49	78	34	5	16	18
12	20	83	69	9	55	30	2	24	66	1	33	61	79	27	36	67	47	39	76	10	40
12	17	80	63	14	71	53	7	44	20	45	84	26	4	64	81	72	46	41
11	12	48	25	43	35	74	19	22	85	12	86	68	59
11	6	32	38	21	70	6	87
0	10	2	47	27	24	9	10	36	83	33	40
0	7	54	8	11	56	73	29	77
8	7	66	30	1	79	39	67	69
8	9	10	40	83	24	33	9	36	27	2
9	8	79	1	55	39	67	69	30	66
9	9	33	83	47	9	36	27	2	40	10
7	1	76
7	1	61
13	1	76
13	1	82
10	1	79
10	1	24
3	1	76
3	1	17
6	1	36
6	1	65
5	1	76
5	1	37
