13
7	8	57	69	25	36	64	5	2	67
7	10	62	35	77	33	20	78	26	9	46	82
1	17	46	5	62	36	33	20	77	64	82	57	69	25	2	78	67	9	26
1	14	15	74	6	18	49	31	27	53	58	19	34	54	47	17
11	19	20	77	62	46	2	67	78	35	69	64	82	9	80	36	57	26	5	25	33
11	16	68	11	75	76	44	60	4	66	16	7	50	42	41	22	59	8
2	37	9	28	80	82	5	26	33	38	67	25	37	40	32	57	83	46	20	45	35	10	84	14	77	23	62	24	69	78	55	81	21	64	71	2	65	36	63
2	13	39	3	72	0	56	48	10	84	65	29	32	23	38
10	12	45	28	40	37	71	21	24	81	14	83	63	55
10	6	32	38	23	65	10	84
4	8	64	2	67	25	57	5	69	36
4	1	80
0	10	77	35	9	20	33	82	78	46	26	62
0	7	51	30	12	73	70	13	52
8	7	25	5	36	64	67	69	2
8	8	77	9	20	78	82	35	33	46
3	1	80
3	1	1
6	1	35
6	1	61
5	1	80
5	1	43
9	1	69
9	1	26
12	1	80
12	1	79
