14
8	8	4	30	32	36	21	13	7	78
8	10	16	23	9	49	68	10	69	70	22	35
1	17	78	10	9	70	49	32	30	35	7	36	22	4	21	16	13	68	23
1	14	41	58	18	34	15	59	62	28	5	54	20	52	19	80
11	12	51	29	46	43	76	24	27	86	14	87	67	60
11	6	37	44	26	71	6	88
2	39	29	36	13	16	44	39	23	32	43	46	37	87	35	7	51	69	9	38	22	6	49	68	88	10	14	26	70	27	60	86	24	76	78	83	71	4	21	30	67
2	15	2	53	0	88	61	31	45	26	87	71	44	6	77	46	37
12	21	23	22	70	30	4	69	7	10	68	78	83	13	9	16	38	36	21	35	49	32	39
12	18	81	73	8	48	3	65	72	17	64	74	25	85	47	42	55	50	82	63
9	8	30	4	21	32	36	78	13	7
9	9	23	9	10	49	68	69	35	70	22
4	8	7	32	4	21	13	36	30	78
4	1	39
0	10	23	10	16	49	35	22	70	68	9	69
0	7	12	75	57	56	11	79	33
6	1	69
6	1	66
7	1	39
7	2	38	83
5	1	39
5	1	40
3	1	39
3	1	1
10	1	4
10	1	16
13	1	39
13	1	84
