13
0	10	59	54	66	34	33	31	75	43	49	77
0	7	73	11	50	70	10	52	27
2	37	34	49	33	25	54	37	61	35	39	30	83	8	66	31	12	44	53	6	84	51	13	21	59	75	22	9	57	43	82	19	71	79	67	36	77	5	65
2	13	38	58	67	2	21	0	46	26	37	6	30	84	72
11	19	49	53	75	34	9	51	31	77	5	66	79	36	54	12	59	43	33	61	8
11	16	7	41	69	15	20	29	40	76	68	62	48	42	81	63	3	78
10	12	44	25	39	35	71	19	22	82	13	83	65	57
10	6	30	37	21	67	6	84
4	8	61	12	8	9	36	79	53	5
4	1	51
1	16	8	12	61	34	59	54	36	9	77	49	75	31	5	33	66	53
1	13	56	45	18	55	17	14	4	74	28	47	16	24	60
8	8	8	61	79	5	36	12	53	9
8	9	77	59	66	43	33	75	34	54	49
7	8	8	61	79	5	53	36	12	9
7	10	77	59	66	43	33	54	75	31	34	49
3	1	51
3	1	1
6	1	43
6	1	64
5	1	51
5	1	23
12	1	51
12	1	80
9	1	61
9	1	31
