13
11	19	8	32	62	11	57	41	67	5	82	42	20	77	19	48	35	22	66	63	6
11	16	49	75	69	15	60	43	39	9	68	3	59	40	24	79	76	80
9	8	77	8	42	19	48	66	35	41
9	9	63	6	62	5	32	20	82	11	57
4	8	19	41	77	8	35	66	48	42
4	1	22
8	1	77
8	1	67
7	8	77	42	41	35	19	8	66	48
7	10	63	57	62	11	82	5	67	6	20	32
10	12	44	27	38	34	71	21	25	81	13	83	64	55
10	6	31	36	23	65	7	84
2	37	27	8	22	19	57	36	82	77	20	34	38	31	83	6	67	5	35	32	62	44	7	66	48	84	13	23	25	55	81	21	71	65	42	63	11	41	64
2	13	2	0	72	46	37	56	7	65	28	23	31	36	84
1	17	35	32	63	67	19	66	6	62	5	8	82	41	48	20	77	42	11
1	14	74	14	17	16	33	54	47	30	4	45	58	18	26	53
5	1	22
5	1	52
6	1	57
6	1	61
0	10	63	11	82	6	20	67	62	32	5	57
0	7	73	70	50	10	12	51	29
3	1	22
3	1	1
12	1	22
12	1	78
