13
11	19	45	64	28	75	33	10	66	60	39	6	44	11	8	12	4	37	5	76	35
11	16	18	46	77	42	13	3	51	78	43	81	69	68	62	61	54	23
8	8	66	8	4	10	28	64	6	35
8	9	5	11	33	44	76	45	60	39	12
2	37	64	27	6	45	33	38	4	12	39	36	41	37	32	60	11	35	83	75	8	5	47	9	76	84	16	66	24	25	57	82	22	71	67	44	10	28	65
2	13	0	2	58	9	32	40	29	49	84	67	24	72	38
7	8	66	35	8	10	28	64	4	6
7	10	5	39	11	75	44	76	45	33	60	12
10	12	47	27	41	36	71	22	25	82	16	83	65	57
10	6	32	38	24	67	9	84
4	8	35	6	8	10	66	64	28	4
4	1	37
0	10	11	45	5	44	33	76	12	39	75	60
0	7	14	70	73	52	15	30	53
9	1	10
9	1	75
1	17	8	35	44	4	66	11	5	60	64	6	33	75	10	28	76	45	39
1	14	26	74	20	34	7	50	17	48	59	31	19	21	56	55
3	1	37
3	1	1
5	1	37
5	1	79
12	1	37
12	1	80
6	1	12
6	1	63
