13
0	10	28	17	34	30	41	70	51	1	21	71
0	7	58	76	11	59	31	79	10
2	41	30	27	60	51	43	1	64	35	42	45	36	34	88	71	20	84	41	32	53	81	8	89	12	24	17	5	25	21	49	63	22	87	38	19	77	73	28	70	47	72	7
2	15	44	3	55	43	65	0	24	84	7	78	8	73	89	29	36
1	17	35	64	32	28	81	60	5	21	51	34	22	41	17	30	1	71	47
1	14	26	62	40	33	54	66	80	16	13	6	14	61	56	18
10	12	53	27	45	42	77	19	25	87	12	88	72	63
10	6	36	43	24	73	8	89
8	8	35	5	32	47	81	64	60	22
8	9	1	28	21	70	51	17	30	34	71
7	1	47
7	1	41
6	1	38
6	2	20	49
9	8	35	5	22	47	81	64	60	32
9	10	1	28	71	41	51	17	30	70	34	21
4	8	81	32	5	47	60	22	64	35
4	1	38
11	21	28	5	21	1	47	71	49	60	70	41	32	64	34	30	81	51	20	17	35	38	22
11	18	9	23	75	4	39	48	68	46	67	83	82	50	86	52	15	74	37	57
5	1	70
5	1	69
12	1	38
12	1	85
3	1	38
3	1	2
