14
2	39	65	82	27	77	18	9	74	38	60	12	61	28	36	41	33	86	71	37	7	46	6	81	87	13	24	57	25	42	56	85	21	22	73	39	68	35	4	31	66
2	14	58	48	2	87	40	0	33	6	24	29	77	68	38	75
11	12	46	27	41	36	73	21	25	85	13	86	66	56
11	6	33	38	24	68	6	87
4	8	28	71	12	31	39	22	74	82
4	1	57
12	20	4	74	35	81	18	22	42	31	12	71	39	37	7	57	65	28	61	82	60	9
12	17	51	50	15	79	43	44	8	80	69	45	23	84	70	20	3	62	63
1	17	35	22	42	82	18	39	31	74	12	71	9	65	37	28	81	61	7
1	14	54	59	32	34	16	78	55	5	26	47	14	49	17	19
9	8	12	28	39	31	74	71	82	22
9	9	65	37	42	60	81	7	35	61	9
8	8	12	71	28	31	74	82	22	39
8	10	65	35	18	37	60	81	7	61	9	42
0	10	9	61	35	18	81	65	60	42	7	37
0	7	11	52	72	53	10	30	76
5	1	57
5	1	67
3	1	57
3	1	1
10	1	28
10	1	18
7	1	57
7	1	4
6	1	60
6	1	64
13	1	57
13	1	83
