14
4	8	45	69	85	54	5	6	37	12
4	1	29
1	17	75	7	69	37	50	41	85	54	43	12	47	34	8	6	45	5	19
1	14	55	16	25	46	30	15	59	20	49	74	18	32	56	4
8	8	85	45	54	6	5	69	37	12
8	10	8	41	34	50	78	19	43	75	47	7
2	38	41	69	26	50	85	19	54	8	35	5	47	45	75	29	33	38	31	83	34	7	37	44	9	43	84	14	23	78	24	6	12	57	82	21	71	65	66	63
2	14	58	23	0	2	48	27	36	35	65	84	72	21	9	31
9	8	6	45	54	5	69	37	12	85
9	9	50	41	78	19	43	75	47	8	34
11	12	44	26	38	33	71	21	24	82	14	83	63	57
11	6	31	35	23	65	9	84
0	10	8	78	75	43	34	19	7	41	47	50
0	7	13	28	70	11	73	53	52
12	20	7	43	54	6	12	50	19	75	78	34	47	41	85	66	8	29	45	69	5	37
12	17	39	68	3	60	22	10	17	61	81	76	40	86	64	77	67	51	42
13	1	29
13	1	79
10	1	54
10	1	7
3	1	29
3	1	1
7	1	29
7	1	66
6	1	78
6	1	62
5	1	29
5	1	80
