14
3	1	5
3	1	1
2	40	20	22	65	52	70	82	28	31	5	40	63	56	30	36	35	26	87	64	71	38	34	42	6	88	10	18	19	83	53	86	16	73	80	27	67	89	32	61	44	66
2	15	33	2	45	44	0	88	54	23	18	67	6	26	31	75	35
11	12	42	22	35	30	73	16	19	86	10	87	66	53
11	6	26	31	18	67	6	88
9	8	61	82	83	36	65	56	27	64
9	9	89	34	70	40	20	71	32	63	38
0	10	63	34	40	89	20	32	70	71	28	38
0	7	9	8	48	74	24	49	76
8	8	61	83	56	64	65	82	36	27
8	10	89	70	28	63	20	38	34	40	71	32
4	8	82	64	56	83	36	61	65	27
4	1	5
1	17	34	36	64	65	83	82	56	70	61	40	32	63	27	28	20	89	38
1	14	11	4	51	29	43	55	15	50	77	46	21	13	25	14
12	21	32	52	27	61	38	34	5	70	82	20	36	80	28	71	89	83	65	64	63	56	40
12	18	69	58	68	17	85	78	81	12	39	7	47	72	37	59	41	57	79	3
7	1	5
7	2	52	80
5	1	5
5	1	62
6	1	71
6	1	60
10	1	56
10	1	28
13	1	5
13	1	84
