14
1	17	11	45	3	9	16	4	17	31	40	13	59	29	52	44	37	7	33
1	14	41	5	19	38	58	55	79	24	21	22	63	32	67	64
13	1	14
13	1	82
12	20	29	14	31	40	43	3	59	45	13	56	33	52	4	44	11	37	7	16	9	17
12	17	20	83	26	2	10	80	84	60	50	69	81	8	53	73	68	51	74
4	8	45	40	33	44	11	4	37	31
4	1	14
11	12	54	34	49	42	76	25	28	85	18	86	71	65
11	6	39	47	27	72	6	87
2	39	34	11	47	16	59	56	13	42	49	39	17	86	14	4	52	3	29	7	37	54	6	31	87	18	9	27	45	28	40	33	65	85	25	76	72	44	43	71	30
2	14	1	57	66	48	39	72	87	47	35	0	27	6	77	30
0	10	17	16	7	29	13	52	3	59	56	9
0	7	12	15	75	62	61	78	36
9	8	40	37	11	4	33	44	45	31
9	9	56	7	52	59	29	3	17	16	9
8	8	40	37	4	33	11	31	44	45
8	10	56	7	59	29	3	52	9	13	17	16
10	1	40
10	1	13
7	1	14
7	1	43
3	1	14
3	1	23
5	1	14
5	1	46
6	1	56
6	1	70
