13
6	1	74
6	1	60
2	37	48	50	62	22	63	79	65	28	29	33	4	44	74	32	36	27	39	6	83	42	43	23	7	31	84	11	19	35	70	20	55	41	82	17	72	66	64
2	13	46	34	2	0	56	19	33	24	7	27	66	73	84
10	12	43	22	36	32	72	17	20	82	11	83	64	55
10	6	27	33	19	66	7	84
1	17	63	31	48	44	65	39	70	41	4	35	6	42	28	50	23	62	79
1	14	45	5	57	76	54	26	12	53	30	16	14	47	15	21
11	19	42	35	70	48	62	31	41	29	6	50	28	63	23	39	79	65	4	44	74
11	16	68	3	77	38	81	49	13	61	37	8	40	67	78	58	18	59
8	8	48	35	79	65	4	63	44	31
8	9	28	62	23	70	39	41	50	74	42
7	8	48	31	35	79	65	4	44	63
7	10	28	42	62	23	70	39	50	41	6	74
0	9	39	42	6	50	41	23	70	62	74
0	7	51	9	52	71	10	75	25
4	8	35	48	63	79	65	44	4	31
4	1	29
9	1	35
9	1	6
12	1	29
12	1	80
3	1	29
3	1	1
5	1	29
5	1	69
