14
2	39	38	36	65	30	8	4	69	28	39	87	37	41	34	85	78	1	24	81	60	48	7	86	16	26	14	27	15	75	45	67	57	84	23	73	42	68	11	13	66
2	14	40	50	2	58	68	34	39	0	81	7	26	74	86	31
12	20	45	11	28	1	14	15	69	65	60	42	13	67	4	36	8	24	87	38	75	78
12	17	46	44	71	70	43	80	83	3	52	25	79	6	62	19	47	61	9
11	12	48	30	41	37	73	23	27	84	16	85	66	57
11	6	34	39	26	68	7	86
0	10	14	4	38	69	78	28	75	8	36	13
0	7	54	32	12	76	53	10	72
9	8	11	87	65	1	60	42	45	15
9	9	38	78	4	28	36	75	8	13	69
8	8	15	87	42	65	11	1	60	45
8	10	13	78	75	4	38	28	36	8	69	14
1	17	87	36	14	75	78	11	45	1	28	69	13	42	15	8	38	65	60
1	14	35	51	18	33	59	49	29	20	17	77	56	55	22	5
4	8	1	60	45	42	15	11	65	87
4	1	67
10	1	65
10	1	14
13	1	67
13	1	82
7	1	67
7	1	24
5	1	67
5	1	64
6	1	4
6	1	63
3	1	67
3	1	21
