14
4	7	4	14	30	29	60	35	62
4	1	64
8	8	14	62	35	60	4	29	30	81
8	10	25	68	32	51	43	88	75	77	22	78
2	39	35	78	30	88	25	29	24	22	36	81	4	68	77	34	38	31	51	86	64	75	32	60	42	5	87	14	10	62	20	21	43	54	85	18	71	82	65	63	49
2	15	0	55	37	45	1	20	36	65	5	26	87	38	31	72	85
12	21	88	62	51	68	49	32	22	25	82	78	77	14	29	35	81	30	60	75	43	64	4
12	18	6	66	13	67	76	79	84	69	58	57	19	40	80	2	41	39	61	47
1	17	75	32	51	14	60	88	43	62	68	35	4	77	25	81	30	22	29
1	14	12	11	52	33	44	28	46	23	56	3	53	17	15	74
11	12	42	24	38	34	71	18	21	10	85	86	63	54
11	6	31	36	20	65	5	87
9	8	62	35	60	4	81	14	30	29
9	9	68	32	51	43	77	25	22	88	78
7	1	64
7	2	49	82
5	1	64
5	1	9
10	1	30
10	1	75
3	1	64
3	1	16
0	10	25	77	43	51	68	78	32	22	75	88
0	7	48	8	7	70	27	73	50
6	1	78
6	1	59
13	1	64
13	1	83
