13
7	8	10	19	51	25	53	31	43	32
7	10	33	38	54	73	58	64	24	66	8	67
2	37	20	27	32	8	58	37	38	53	36	40	34	66	83	19	73	64	67	33	45	6	84	12	21	24	51	23	10	25	57	82	43	18	74	31	69	54	68
2	13	28	2	0	39	59	6	47	75	21	34	69	84	37
10	12	45	27	40	36	74	18	23	82	12	83	68	57
10	6	34	37	21	69	6	84
1	17	73	51	19	10	58	38	54	31	66	43	24	32	33	8	53	25	64
1	14	13	77	17	46	16	14	30	55	48	26	35	56	4	60
11	19	20	53	24	54	73	66	64	31	38	67	43	8	33	25	32	10	58	51	19
11	16	65	49	78	7	71	79	41	62	70	15	42	61	44	81	22	3
0	10	54	38	8	58	67	66	24	73	33	64
0	7	50	52	76	29	9	11	72
4	8	43	53	19	32	10	51	25	31
4	1	20
8	7	31	43	25	53	19	32	51
8	8	24	66	73	64	67	58	8	54
5	1	20
5	1	5
9	1	19
9	1	38
6	1	67
6	1	63
3	1	20
3	1	1
12	1	20
12	1	80
