13
4	8	48	47	16	70	52	26	23	30
4	1	42
10	12	40	22	34	31	72	17	20	82	10	83	65	58
10	6	28	32	19	67	5	84
2	37	22	47	48	70	77	32	26	52	16	49	31	34	28	50	83	23	57	35	40	5	66	42	84	10	19	38	20	30	58	74	82	17	72	53	67	6	65
2	13	2	43	33	59	32	67	0	19	73	5	28	24	84
0	9	77	6	50	74	35	53	66	49	57
0	6	9	46	8	25	51	75
5	1	42
5	1	54
8	8	26	48	30	70	47	16	52	23
8	9	77	53	49	6	38	66	50	74	57
11	19	52	6	23	53	47	49	70	74	48	57	42	35	77	16	30	38	66	50	26
11	16	68	7	45	78	39	81	18	62	37	69	64	36	61	3	13	79
1	17	23	66	52	50	26	16	53	48	6	30	38	35	77	70	47	57	49
1	14	4	27	21	44	55	29	11	60	15	56	12	76	41	14
7	8	48	30	70	26	16	47	23	52
7	10	53	49	6	77	66	35	38	74	57	50
6	1	74
6	1	63
12	1	42
12	1	80
3	1	42
3	1	1
9	1	30
9	1	35
