14
12	20	61	2	30	59	8	42	22	44	26	64	46	70	9	47	35	20	54	23	74	5
12	17	72	45	80	66	65	16	43	41	24	81	53	73	67	84	4	10	82
11	12	48	29	40	37	75	21	27	85	14	86	69	60
11	6	34	38	25	71	7	87
2	39	44	29	59	22	46	35	38	70	61	23	37	40	34	86	74	54	42	47	48	7	5	9	87	14	2	25	30	27	26	60	20	8	85	21	75	71	64	50	69
2	14	62	3	50	51	39	71	0	7	34	31	87	38	25	77
0	10	9	20	64	35	74	47	23	42	44	30
0	7	11	78	12	55	32	76	56
1	17	46	20	9	23	35	61	74	54	30	22	42	2	70	64	44	26	8
1	14	58	18	52	33	28	19	15	63	57	49	6	17	79	36
8	7	54	61	8	46	70	26	22
8	9	20	44	35	23	64	9	74	30	47
4	8	8	26	2	22	70	61	46	54
4	1	5
9	8	46	61	26	8	2	70	22	54
9	9	64	35	74	23	42	9	30	47	20
3	1	5
3	1	1
7	1	5
7	1	59
5	1	5
5	1	13
10	1	54
10	1	44
6	1	47
6	1	68
13	1	5
13	1	83
