14
12	19	11	5	30	67	81	37	15	4	64	80	66	34	6	55	58	38	56	47	42
12	16	78	41	40	79	62	18	9	83	50	72	70	43	61	71	22	3
2	38	38	58	26	81	66	30	35	15	47	55	42	37	33	39	31	4	85	56	34	67	45	8	86	14	23	5	24	64	57	11	6	84	21	74	80	69	68	65
2	14	36	2	69	48	59	0	23	75	8	35	31	39	86	27
9	8	68	64	66	67	6	47	5	56
9	9	37	42	38	58	15	81	11	4	55
8	8	68	64	66	67	47	6	5	56
8	10	37	42	38	58	81	30	15	11	4	55
11	12	45	26	39	33	74	21	24	84	14	85	65	57
11	6	31	35	23	69	8	86
1	17	30	38	11	6	64	56	42	37	47	68	67	15	4	66	5	58	55
1	14	16	49	17	32	7	77	53	20	46	54	29	19	25	60
0	10	4	38	30	58	42	15	81	37	55	11
0	7	76	10	52	13	51	28	73
4	8	66	47	56	5	64	67	6	68
4	1	34
13	1	34
13	1	82
5	1	34
5	1	12
6	1	81
6	1	63
3	1	34
3	1	1
10	1	47
10	1	30
7	1	34
7	1	80
