14
2	38	73	26	66	35	24	69	6	32	33	37	30	56	84	39	16	67	61	44	4	42	86	85	11	22	41	23	58	53	83	19	75	70	34	5	9	20	55	64
2	14	0	1	53	54	36	76	22	70	86	46	4	35	27	30
4	8	73	16	42	39	9	55	34	20
4	1	69
11	12	44	26	37	33	75	19	23	83	11	84	64	53
11	6	30	35	22	70	4	86
1	17	16	85	73	24	41	20	61	34	6	5	56	9	32	39	42	67	55
1	14	78	51	52	29	31	47	45	12	14	25	57	3	15	18
0	10	67	32	61	58	85	6	56	24	41	5
0	7	77	10	8	28	74	50	49
12	20	6	85	42	69	67	58	32	5	9	66	56	55	20	41	73	34	61	16	39	24
12	17	72	13	48	68	82	60	79	71	65	38	2	59	7	80	43	21	40
9	8	16	42	55	34	9	39	20	73
9	9	24	6	58	85	61	32	41	67	5
8	8	16	55	42	34	39	9	73	20
8	10	24	67	6	58	85	56	32	61	5	41
13	1	69
13	1	81
3	1	69
3	1	17
6	1	58
6	1	62
5	1	69
5	1	63
10	1	55
10	1	56
7	1	69
7	1	66
