14
2	41	54	4	82	27	76	62	59	8	41	38	71	34	67	40	43	35	36	89	83	37	47	7	30	90	14	23	56	24	28	60	88	21	78	73	29	25	11	69	10	49	72
2	15	23	50	2	42	49	61	41	7	35	79	0	90	73	10	31
1	16	4	67	8	11	62	28	56	76	29	25	54	34	36	30	83	38
1	13	19	15	16	5	63	81	26	18	51	58	48	57	33
11	12	47	27	43	40	78	21	24	88	14	89	72	60
11	6	35	41	23	73	7	90
4	8	25	4	34	56	28	11	82	62
4	1	37
8	8	62	4	28	25	82	11	56	34
8	10	54	76	71	30	67	8	38	29	83	36
9	8	82	28	25	62	34	4	11	56
9	9	38	30	67	54	36	76	71	29	83
12	21	69	29	59	76	8	28	62	56	25	4	82	34	71	83	30	38	11	37	54	67	36
12	18	20	75	65	87	44	22	45	74	85	3	64	46	66	9	52	6	84	17
0	10	8	83	36	67	54	71	30	76	38	29
0	7	55	12	77	13	32	53	80
7	1	37
7	2	59	69
3	1	37
3	1	1
6	1	71
6	1	68
13	1	37
13	1	86
10	1	4
10	1	8
5	1	37
5	1	70
