13
4	8	24	32	68	2	71	34	26	7
4	1	33
1	17	38	26	58	53	32	2	45	67	71	24	16	62	5	34	7	68	36
1	14	51	23	13	57	6	17	49	77	29	56	18	61	35	15
0	10	38	67	16	62	45	53	47	36	5	58
0	7	10	76	54	11	28	55	73
2	37	34	25	67	5	39	62	16	33	7	38	47	58	36	37	53	42	31	83	45	24	48	8	32	84	12	21	2	22	59	68	82	19	74	69	26	71	66
2	13	0	3	39	60	8	75	50	31	41	84	69	21	27
10	12	48	25	42	37	74	19	22	82	12	83	66	59
10	6	31	39	21	69	8	84
11	18	71	53	32	58	68	24	16	62	33	38	34	2	5	47	26	36	7	67
11	16	46	78	79	63	20	9	30	72	4	52	14	64	70	43	44	81
7	8	34	71	7	68	26	24	2	32
7	10	36	5	53	62	45	67	16	38	58	47
8	8	2	71	24	68	34	32	7	26
8	9	38	5	16	62	67	47	58	53	45
12	1	33
12	1	80
3	1	33
3	1	1
5	1	33
5	1	40
9	1	34
9	1	36
6	1	47
6	1	65
