12
0	10	6	30	67	24	13	19	4	10	65	47
0	7	9	53	54	73	12	34	75
2	37	47	10	32	55	40	11	19	49	39	42	13	37	82	67	36	22	65	24	4	61	46	6	7	83	14	28	71	29	58	81	3	25	72	68	30	26	66
2	13	59	28	68	1	0	41	74	7	51	37	83	33	40
9	12	46	32	42	39	72	25	29	81	14	82	66	58
9	6	37	40	28	68	7	83
1	16	55	10	24	22	30	47	3	26	13	36	19	61	71	67	11	65
1	14	76	50	56	21	35	15	31	48	60	5	38	17	57	18
4	8	22	11	61	71	36	55	3	26
4	1	49
6	8	36	26	61	11	3	22	71	55
6	10	13	24	6	47	10	4	67	65	19	30
10	19	30	61	24	26	65	71	6	47	3	19	11	49	10	4	55	36	13	67	22
10	16	8	52	16	45	80	62	70	77	69	78	23	63	27	44	43	2
7	8	61	11	22	36	26	55	3	71
7	9	6	47	4	65	13	24	30	10	19
11	1	49
11	1	79
8	1	22
8	1	67
3	1	49
3	1	20
5	1	4
5	1	64
