14
2	39	26	7	78	28	56	37	77	82	64	36	39	32	86	42	5	14	4	80	44	68	6	87	71	15	24	25	66	57	85	52	22	73	33	67	8	50	11	46	65
2	14	67	0	38	1	46	58	48	6	74	24	37	87	29	32
4	8	52	50	77	64	82	7	8	5
4	1	42
9	8	8	52	64	77	7	50	5	82
9	9	68	66	78	4	14	26	80	11	33
0	10	71	33	4	78	14	26	66	68	80	11
0	7	53	30	13	51	10	72	75
11	12	44	28	39	36	73	22	25	85	15	86	65	57
11	6	32	37	24	67	6	87
1	17	26	71	66	5	82	68	11	7	4	14	78	52	8	50	77	80	64
1	14	47	17	31	21	59	54	16	3	34	45	27	55	19	76
8	8	52	5	7	8	50	82	77	64
8	10	66	33	14	68	26	11	4	78	71	80
12	20	71	56	52	8	14	82	50	26	11	77	33	68	80	64	78	4	42	5	7	66
12	17	40	61	60	43	70	41	69	79	81	62	18	84	23	9	12	2	49
10	1	5
10	1	71
6	1	33
6	1	63
13	1	42
13	1	83
7	1	42
7	1	56
3	1	42
3	1	20
5	1	42
5	1	35
