13
2	44	39	23	35	28	88	62	6	42	22	40	41	36	44	34	83	47	38	93	31	70	49	7	94	14	25	84	73	72	26	13	12	33	63	91	20	79	87	74	8	4	54	51	71	21
2	17	34	74	52	64	2	43	51	29	21	7	83	94	0	80	42	44	25
3	1	22
3	1	1
4	8	54	35	6	8	73	13	72	33
4	1	22
10	12	49	28	44	40	79	20	26	91	14	93	71	63
10	6	34	42	25	74	7	94
1	17	23	41	84	8	70	73	47	72	4	13	6	33	54	35	88	12	38
1	14	53	60	37	15	5	32	82	50	65	19	27	61	17	18
0	10	23	41	39	88	84	47	4	70	38	12
0	7	10	30	56	78	11	57	81
11	22	31	73	62	70	84	54	4	88	6	12	87	35	8	39	23	41	36	13	72	22	38	47
11	19	59	55	67	85	16	75	9	46	90	77	86	66	68	76	58	48	24	92	45
8	8	33	6	13	72	54	8	73	35
8	9	12	4	84	88	23	39	47	41	70
7	8	33	35	6	13	72	54	8	73
7	10	12	38	70	4	84	88	23	39	47	41
6	1	22
6	4	62	87	36	31
9	1	33
9	1	38
12	1	22
12	1	89
5	1	39
5	1	69
