14
2	40	57	60	31	71	24	53	42	29	69	35	44	19	7	28	34	38	30	88	51	33	68	45	5	89	11	64	21	56	22	83	54	61	87	18	76	72	6	3	70	52
2	15	0	1	47	62	77	37	21	5	35	25	72	30	89	60	87
1	17	51	19	33	6	71	31	68	7	83	29	56	64	28	44	57	53	42
1	14	15	13	27	4	63	32	23	12	58	48	46	59	17	79
11	12	45	24	38	34	76	18	22	11	87	88	70	61
11	6	30	35	21	72	5	89
12	21	33	68	52	64	29	54	3	56	51	71	42	53	83	7	69	57	6	44	19	28	31
12	18	8	73	80	43	74	66	84	86	40	20	14	81	41	2	49	82	39	65
0	10	51	7	19	54	56	28	33	29	83	42
0	7	78	10	55	26	50	9	75
9	8	6	64	68	57	44	71	53	31
9	9	42	83	29	51	28	7	56	33	54
8	1	57
8	1	19
10	8	6	68	57	44	53	64	71	31
10	10	42	29	51	28	19	56	83	7	33	54
13	1	69
13	1	85
7	1	69
7	2	52	3
4	8	6	71	64	57	31	44	53	68
4	1	69
6	1	54
6	1	67
5	1	69
5	1	36
3	1	69
3	1	16
