14
8	8	38	8	68	78	34	9	17	64
8	10	31	48	59	15	66	20	63	65	56	11
2	38	34	51	26	78	56	15	11	35	20	33	37	30	48	85	38	9	66	42	5	59	31	86	12	23	63	24	68	8	65	55	84	21	73	69	64	17	67	50
2	14	0	27	2	36	5	57	35	45	69	23	74	30	86	84
1	17	64	17	78	38	65	11	48	68	31	8	20	34	56	59	9	66	15
1	14	58	19	76	43	13	14	46	54	53	25	29	4	16	32
12	20	11	63	56	66	64	9	65	68	50	20	8	51	15	38	34	17	31	78	59	48
12	17	39	61	83	71	40	60	79	80	77	6	70	81	41	47	3	18	22
11	12	42	26	37	33	73	21	24	12	84	85	67	55
11	6	30	35	23	69	5	86
5	1	51
5	1	44
4	8	34	78	38	8	9	68	64	17
4	1	51
9	1	17
9	1	11
0	10	11	20	63	15	48	59	56	65	66	31
0	7	52	49	28	7	10	75	72
10	8	9	34	17	68	78	64	38	8
10	9	20	66	63	56	59	15	65	31	48
6	1	63
6	1	62
13	1	51
13	1	82
3	1	51
3	1	1
7	1	51
7	1	50
