14
12	20	23	40	85	87	33	54	27	8	64	18	63	16	6	32	70	72	58	78	51	48
12	17	80	82	20	59	47	60	39	79	69	61	66	7	38	41	68	14	3
0	10	51	32	16	70	64	8	40	58	18	63
0	7	73	49	28	50	9	10	76
11	12	42	25	37	34	74	19	22	83	11	84	65	55
11	6	30	35	21	67	5	86
2	39	25	70	54	16	64	35	18	78	6	34	48	37	32	30	87	51	72	84	33	23	58	40	8	42	5	63	86	11	21	22	55	83	19	85	74	67	44	27	65
2	14	2	36	44	30	56	45	75	0	67	21	26	86	5	35
1	16	72	8	23	33	27	48	63	85	70	40	87	64	18	32	58	51
1	13	43	12	53	4	57	17	77	13	15	31	46	29	52
3	1	6
3	1	1
9	8	33	48	87	27	23	78	85	72
9	9	64	40	16	32	63	8	18	58	51
8	8	33	85	72	48	27	23	78	87
8	10	64	58	51	40	16	63	8	18	70	32
4	8	78	48	72	23	87	33	85	27
4	1	6
13	1	6
13	1	81
7	1	6
7	1	54
6	1	16
6	1	62
10	1	48
10	1	70
5	1	6
5	1	71
