14
8	1	25
8	1	64
1	17	39	82	5	75	25	10	32	31	69	34	43	64	80	54	8	48	81
1	14	16	50	30	56	20	4	46	76	19	35	18	55	60	26
2	39	81	69	27	43	80	37	34	8	82	36	40	33	86	25	75	64	5	48	31	45	7	59	87	15	23	13	14	39	24	32	57	85	21	71	10	66	47	54	65
2	14	49	58	2	0	66	38	72	47	7	23	37	87	33	28
4	8	75	31	25	32	48	81	10	43
4	1	59
11	12	45	27	40	36	71	21	24	85	15	86	65	57
11	6	33	37	23	66	7	87
12	20	31	80	8	54	34	82	64	14	81	13	10	59	69	32	5	75	25	39	43	48
12	17	22	9	17	68	78	41	73	67	62	51	6	84	44	79	3	61	42
9	8	10	75	31	48	81	32	25	43
9	9	82	34	80	39	54	8	69	13	5
10	8	10	75	31	25	48	32	81	43
10	9	82	34	80	64	39	8	54	13	5
0	10	80	64	69	39	13	8	5	82	34	54
0	7	52	53	74	12	29	70	11
13	1	59
13	1	83
7	1	59
7	1	14
6	1	13
6	1	63
5	1	59
5	1	77
3	1	59
3	1	1
