13
2	37	68	28	37	2	39	79	58	21	33	12	59	42	5	38	41	34	65	83	22	47	9	84	54	15	25	26	57	82	8	14	23	73	69	7	67	35	66
2	13	40	3	60	49	74	0	25	9	84	69	30	34	39
4	8	42	5	58	2	21	8	67	7
4	1	79
5	1	79
5	1	29
11	19	37	59	33	54	7	79	14	8	22	68	67	65	5	2	21	12	58	35	42
11	16	81	17	77	10	45	46	71	24	51	43	4	44	70	78	63	62
10	12	47	28	41	38	73	23	26	82	15	83	66	57
10	6	34	39	25	69	9	84
8	8	2	5	42	67	21	7	8	58
8	9	12	37	35	68	22	14	59	54	33
7	8	8	58	5	2	42	21	67	7
7	10	54	33	37	35	12	68	14	22	59	65
0	10	59	12	68	37	35	33	65	14	22	54
0	7	72	13	52	75	31	53	11
12	1	79
12	1	80
9	1	5
9	1	65
1	17	8	37	67	54	42	7	65	2	14	68	22	59	58	33	21	5	12
1	14	76	19	6	32	36	48	18	61	50	55	56	16	27	20
6	1	35
6	1	64
3	1	79
3	1	1
