14
9	8	82	65	46	18	8	80	7	72
9	9	79	42	50	71	35	34	40	27	19
2	38	71	18	24	27	80	32	35	33	31	37	29	79	7	85	42	72	61	65	34	82	46	43	5	86	40	11	21	19	22	8	55	50	84	17	69	77	63	62
2	14	36	0	2	56	70	33	47	5	63	86	21	25	37	29
11	12	43	24	37	31	69	17	22	84	11	85	62	55
11	6	29	33	21	63	5	86
12	20	46	82	50	40	19	71	27	8	65	34	32	77	7	80	61	72	18	35	42	79
12	17	58	49	6	13	66	83	75	20	76	59	44	67	39	41	38	64	3
1	17	35	27	40	18	50	79	72	65	8	19	61	7	42	71	46	80	82
1	14	28	12	53	16	48	23	54	74	14	57	15	30	45	4
0	10	34	40	19	42	79	35	61	27	71	50
0	7	26	68	9	10	51	52	73
7	1	32
7	1	77
8	8	18	8	7	65	46	72	82	80
8	9	61	35	34	27	42	50	19	79	40
4	8	8	80	72	46	7	18	82	65
4	1	32
3	1	32
3	1	1
6	1	34
6	1	60
5	1	32
5	1	78
10	1	18
10	1	61
13	1	32
13	1	81
