13
2	37	53	40	29	32	25	57	5	36	44	31	35	77	39	30	83	75	8	45	47	55	46	6	84	12	56	21	33	22	60	37	82	19	72	67	68	23	66
2	13	6	67	49	36	1	38	61	0	21	26	30	73	84
0	10	56	40	53	77	57	31	32	55	45	23
0	7	71	9	52	11	54	74	27
7	8	33	44	68	37	75	47	5	29
7	10	57	53	32	56	77	23	45	40	31	55
11	19	44	33	37	31	32	68	23	53	8	45	56	40	77	29	57	75	5	47	55
11	16	63	42	43	41	81	2	7	10	70	15	78	69	79	51	20	64
10	12	46	25	39	35	72	19	22	82	12	83	66	60
10	6	30	36	21	67	6	84
6	1	55
6	1	65
1	17	40	75	31	47	23	5	77	44	53	37	56	32	68	57	33	45	29
1	14	50	59	14	76	28	4	13	34	48	58	16	18	62	24
4	8	44	33	68	29	37	5	75	47
4	1	8
8	7	44	68	37	5	75	47	29
8	8	53	32	56	45	77	23	40	55
3	1	8
3	1	17
9	1	68
9	1	31
12	1	8
12	1	80
5	1	8
5	1	3
