14
9	8	33	40	17	82	32	81	62	78
9	9	27	39	23	44	31	6	35	30	37
8	8	62	32	40	33	82	17	81	78
8	10	30	31	39	27	44	58	23	6	35	37
2	39	58	31	47	22	17	81	33	32	41	62	35	40	37	38	43	29	30	86	6	23	39	44	78	49	5	82	87	10	19	20	72	59	85	16	74	27	67	66	36
2	14	60	24	2	0	51	42	19	5	67	87	41	75	29	72
11	12	49	22	43	38	74	16	20	85	10	86	66	59
11	6	29	41	19	67	5	87
1	16	33	82	32	62	17	39	37	23	27	31	30	40	6	78	35	81
1	13	77	15	21	34	50	52	11	56	28	4	14	61	57
12	20	62	36	40	31	6	30	47	23	37	27	44	58	78	33	81	35	39	32	82	17
12	17	63	71	53	70	84	7	26	12	79	64	45	46	18	80	69	3	48
0	10	37	27	35	30	44	23	31	39	58	6
0	7	9	54	25	73	8	55	76
10	1	82
10	1	58
4	8	33	81	40	62	32	17	78	82
4	1	47
13	1	47
13	1	83
5	1	47
5	1	68
3	1	47
3	1	1
6	1	44
6	1	65
7	1	47
7	1	36
