14
11	20	52	35	12	42	37	8	67	65	39	28	76	9	31	23	27	45	59	49	4	6
11	17	68	83	69	75	25	74	11	48	82	10	51	57	21	17	3	47	85
4	8	76	27	35	8	9	37	65	52
4	1	31
2	39	6	30	28	67	52	45	43	76	4	27	41	46	71	36	87	35	31	12	49	59	65	53	7	39	42	88	15	24	23	26	8	9	63	86	22	78	73	37	72
2	15	43	2	7	71	0	64	38	44	79	55	73	36	24	88	33
10	12	53	30	46	41	78	22	26	86	15	87	72	63
10	6	36	43	24	73	7	88
0	10	12	49	28	45	59	23	6	42	4	39
0	7	32	13	58	14	77	80	60
8	7	35	65	27	9	8	37	76
8	8	39	59	6	49	12	42	28	23
1	17	59	9	27	65	49	39	35	6	8	37	52	42	28	23	4	76	45
1	14	16	5	20	66	56	62	19	29	81	40	34	61	18	54
7	8	35	27	52	8	65	9	37	76
7	10	39	12	45	42	59	6	49	28	4	23
6	1	12
6	1	70
5	1	31
5	1	50
9	1	27
9	1	4
13	1	31
13	1	84
3	1	31
3	1	1
12	1	31
12	1	67
