13
1	17	67	40	21	16	8	3	79	65	19	27	35	32	63	10	72	39	62
1	14	14	12	56	53	18	48	30	4	15	75	52	25	33	46
2	37	32	19	79	26	39	37	72	65	57	10	63	36	41	62	31	8	34	35	83	16	40	67	45	5	3	84	11	23	24	54	21	82	20	71	66	27	64
2	13	38	55	1	5	37	47	28	0	31	66	23	84	73
11	19	19	3	57	21	8	79	10	27	62	39	63	65	32	16	35	67	72	34	40
11	16	81	69	76	43	2	6	58	22	44	68	49	13	78	42	77	59
10	12	45	26	41	36	71	20	24	82	11	83	64	54
10	6	31	37	23	66	5	84
7	8	63	21	16	8	62	27	65	10
7	9	35	72	40	34	32	79	3	39	19
4	8	62	16	10	8	21	27	63	65
4	1	57
8	8	8	21	16	10	62	27	63	65
8	9	34	72	40	19	39	32	79	35	3
0	10	79	19	40	3	39	34	72	35	32	67
0	7	50	74	9	7	29	70	51
3	1	57
3	1	17
9	1	8
9	1	67
5	1	57
5	1	61
12	1	57
12	1	80
6	1	34
6	1	60
