13
2	37	77	66	25	12	36	43	7	10	34	32	64	29	35	40	30	31	83	53	46	6	74	84	37	14	5	22	54	9	23	63	67	57	82	20	72	68	65
2	13	26	58	2	48	38	0	31	36	22	73	6	68	84
8	8	67	10	7	63	37	54	12	64
8	9	32	74	34	30	5	9	29	43	66
1	17	37	5	74	32	63	34	67	30	53	54	66	64	10	12	9	43	7
1	14	4	49	55	15	59	18	56	17	24	28	33	47	76	19
10	12	46	25	40	35	72	20	23	82	14	83	65	57
10	6	31	36	22	68	6	84
7	8	67	7	64	10	37	54	63	12
7	10	32	34	53	66	74	5	9	30	43	29
0	10	5	30	53	74	43	9	32	34	29	66
0	7	11	13	52	71	51	75	27
11	19	67	74	54	32	34	9	10	66	37	30	63	53	12	7	43	77	5	29	64
11	16	79	16	69	78	81	70	44	8	50	42	41	21	3	45	61	60
4	8	37	54	67	64	7	10	63	12
4	1	77
5	1	77
5	1	39
3	1	77
3	1	1
9	1	7
9	1	53
12	1	77
12	1	80
6	1	29
6	1	62
