14
12	20	81	65	46	56	75	11	72	6	57	10	87	38	7	78	76	35	77	22	14	49
12	17	9	2	83	79	44	80	68	41	61	51	4	67	33	24	42	18	62
4	8	38	65	87	35	78	75	77	72
4	1	76
11	12	45	28	40	36	70	21	25	84	15	85	64	58
11	6	32	37	23	66	8	86
2	39	28	43	10	76	57	75	37	46	87	77	56	36	40	32	49	85	81	14	65	45	8	86	15	23	22	25	72	58	6	38	84	21	70	7	66	11	35	78	64
2	14	3	8	59	71	39	48	0	23	32	66	29	43	86	37
9	7	78	65	38	75	87	77	35
9	8	49	46	6	14	22	10	11	81
8	8	78	38	72	65	35	77	75	87
8	10	49	6	56	46	81	11	22	57	14	10
6	1	14
6	1	63
0	10	49	57	10	56	46	81	6	22	11	14
0	7	12	53	52	13	73	69	30
10	1	65
10	1	57
13	1	76
13	1	82
1	17	38	81	57	11	65	72	49	77	10	46	6	35	87	78	22	75	56
1	14	5	31	17	16	20	55	50	60	19	74	34	27	54	47
3	1	76
3	1	1
7	1	76
7	1	7
5	1	76
5	1	26
