14
12	21	70	79	30	66	56	55	67	21	32	74	64	5	85	8	77	69	60	11	34	36	6
12	18	41	33	61	83	62	9	82	50	42	3	44	73	22	43	63	87	17	72
11	12	45	26	40	37	76	20	24	88	14	89	68	57
11	6	31	38	23	71	7	90
2	41	55	26	11	74	56	67	64	13	38	77	8	69	60	34	37	40	6	31	36	89	5	45	7	66	79	90	14	23	24	32	30	57	88	85	20	76	71	21	70	47	68
2	15	58	2	38	39	47	48	0	71	31	27	90	7	13	23	78
7	1	79
7	2	56	70
1	17	36	5	32	67	6	21	11	55	74	66	69	85	64	34	8	77	30
1	14	25	46	4	15	49	18	29	16	54	59	19	53	81	35
6	1	60
6	1	65
3	1	79
3	1	1
8	7	64	36	30	66	77	5	69
8	9	74	85	55	67	8	34	60	11	21
0	10	34	6	74	11	8	67	85	55	21	60
0	7	75	10	52	80	51	12	28
4	8	64	77	36	69	5	66	32	30
4	1	79
5	1	79
5	1	84
9	8	30	66	77	69	5	64	32	36
9	9	55	67	8	21	34	60	11	6	85
10	1	64
10	1	74
13	1	79
13	1	86
