14
2	39	57	54	45	28	48	37	11	43	66	36	41	33	13	86	67	26	47	39	8	38	87	55	14	23	71	3	25	60	85	29	21	76	7	72	34	70	24	68	69
2	14	0	1	50	61	40	8	77	37	72	87	45	23	33	30
1	17	57	39	48	38	24	3	71	66	70	13	11	68	34	54	43	26	67
1	14	49	58	20	15	32	59	35	79	17	51	6	27	62	18
11	12	47	28	41	36	76	21	25	85	14	86	69	60
11	6	33	37	23	72	8	87
9	8	48	71	54	34	70	66	68	57
9	9	26	38	3	43	24	29	67	11	39
3	1	55
3	1	19
12	20	39	38	70	13	26	7	3	29	43	57	34	55	67	48	68	71	11	66	54	24
12	17	16	80	22	42	84	4	64	74	46	73	82	9	2	52	81	63	44
8	8	48	66	68	57	34	70	71	54
8	10	13	67	11	39	43	24	38	3	26	29
4	8	70	34	68	48	66	57	54	71
4	1	55
0	10	39	11	13	29	67	43	24	26	38	3
0	7	75	10	56	31	53	78	12
10	1	48
10	1	13
6	1	29
6	1	65
13	1	55
13	1	83
5	1	55
5	1	5
7	1	55
7	1	7
