14
2	43	13	24	31	50	3	46	86	62	42	40	54	87	41	45	35	92	26	55	39	5	88	53	52	9	14	37	4	93	16	27	28	43	63	66	91	23	78	8	10	74	49	36	73
2	16	67	37	1	44	0	32	57	9	93	74	49	42	50	27	35	80
12	22	46	86	43	55	40	39	26	24	5	8	63	36	88	62	52	13	3	10	14	54	87	4
12	19	59	11	84	69	85	83	76	77	6	29	2	70	18	47	90	51	48	25	75
9	8	54	43	55	36	46	87	14	10
9	9	86	5	3	13	88	4	26	39	62
11	12	53	31	45	41	78	23	28	91	16	92	73	66
11	6	35	42	27	74	9	93
1	17	87	39	54	5	43	13	86	62	10	4	26	46	55	36	52	3	14
1	14	30	17	82	65	20	34	64	56	58	7	38	22	19	68
8	8	14	43	54	55	36	46	10	87
8	10	39	5	86	3	88	13	4	52	62	26
0	10	13	3	4	62	26	88	39	86	5	52
0	7	81	60	12	79	33	15	61
4	8	87	46	55	54	14	43	10	36
4	1	40
13	1	40
13	1	89
10	1	36
10	1	52
3	1	40
3	1	21
7	1	40
7	3	63	8	24
6	1	88
6	1	71
5	1	40
5	1	72
