13
8	8	15	2	84	78	35	24	13	61
8	9	36	33	16	65	5	10	59	6	66
5	1	53
5	1	42
7	8	15	13	84	35	24	61	78	2
7	10	36	6	16	65	10	59	70	66	5	33
0	10	59	10	65	70	33	66	36	16	5	6
0	7	14	12	74	52	51	31	71
10	12	46	29	41	38	72	23	27	81	17	82	64	56
10	6	34	39	26	67	9	83
2	37	53	29	15	59	39	66	33	13	38	41	70	10	34	6	82	65	46	16	9	36	83	17	26	35	27	56	78	81	23	72	24	67	84	5	2	61	64
2	13	73	3	48	57	26	0	9	40	34	30	39	67	83
1	17	13	65	2	70	15	35	24	78	84	59	61	36	10	33	6	5	66
1	14	7	19	37	18	58	28	55	47	22	20	75	49	32	54
11	19	35	70	53	24	84	10	6	61	13	33	59	15	65	66	2	16	36	5	78
11	16	68	43	8	77	4	69	25	50	11	76	44	80	60	62	21	45
12	1	53
12	1	79
4	8	15	13	35	78	24	84	61	2
4	1	53
9	1	84
9	1	70
3	1	53
3	1	1
6	1	16
6	1	63
