14
12	20	9	56	40	19	74	31	65	23	82	18	61	30	48	38	66	7	5	71	22	63
12	17	11	72	15	60	51	80	24	8	84	27	81	44	62	73	43	3	45
9	8	30	71	19	65	74	22	56	61
9	9	31	48	23	5	66	40	63	82	38
11	12	46	29	42	37	76	21	26	85	13	86	68	57
11	6	35	39	25	70	6	87
2	39	29	18	19	7	48	22	23	39	30	71	38	40	37	42	35	56	74	86	63	66	31	5	46	6	87	13	82	25	26	65	57	85	21	76	70	67	9	61	68
2	14	2	77	0	58	35	49	87	25	41	70	6	39	32	67
1	17	31	5	66	71	56	19	30	65	38	23	63	22	61	7	74	40	82
1	14	14	34	50	20	28	36	59	79	47	55	16	4	54	17
4	8	30	71	56	74	65	22	61	19
4	1	18
8	8	56	71	30	19	65	61	74	22
8	10	63	82	31	23	5	38	66	7	40	48
0	9	66	40	31	48	7	38	5	63	23
0	6	10	75	12	33	53	52
13	1	18
13	1	83
3	1	18
3	1	1
10	1	71
10	1	7
5	1	18
5	1	69
6	1	48
6	1	64
7	1	18
7	1	9
