13
10	12	47	29	42	38	72	21	26	82	14	83	65	57
10	6	34	39	23	67	7	84
2	37	74	29	45	37	12	64	39	30	70	25	38	42	27	34	83	60	40	11	66	36	77	47	8	7	22	84	14	23	26	5	57	82	21	72	67	6	65
2	13	0	2	41	58	49	31	7	23	67	84	39	73	34
7	8	74	30	37	5	6	8	11	64
7	10	60	12	40	27	36	22	45	77	70	66
11	18	77	36	45	6	64	60	22	25	27	66	12	37	40	74	5	70	11	30
11	15	78	9	61	46	62	81	17	16	43	79	69	3	24	68	52
0	10	77	40	27	70	45	36	66	60	12	22
0	7	13	10	53	71	32	54	75
1	17	6	64	77	37	40	5	70	36	11	27	74	30	66	45	12	22	8
1	14	35	48	15	56	50	76	33	28	20	4	55	18	19	59
8	8	30	37	8	5	6	74	64	11
8	9	40	27	77	36	45	60	22	66	70
4	8	6	64	30	37	11	8	5	74
4	1	25
3	1	25
3	1	1
9	1	74
9	1	12
5	1	25
5	1	51
6	1	60
6	1	63
12	1	25
12	1	80
