13
0	10	59	64	44	67	54	8	6	21	3	50
0	7	12	48	11	71	29	51	75
1	16	49	14	6	50	8	44	1	59	67	55	64	21	79	63	3	66
1	13	53	76	30	19	16	46	32	52	43	18	7	58	26
2	37	63	79	27	73	1	6	14	34	66	49	44	33	36	40	31	83	59	21	42	9	41	15	64	24	67	25	54	56	82	50	22	8	72	68	55	3	65
2	13	45	0	4	35	57	68	28	9	24	74	34	31	41
10	12	42	27	36	33	72	22	25	82	15	83	65	56
10	6	31	34	24	68	9	41
7	8	63	79	73	66	14	49	1	55
7	10	59	44	21	3	64	8	6	50	54	67
4	8	73	79	1	49	66	14	63	55
4	1	40
11	19	8	6	64	55	40	59	21	67	3	54	50	49	73	63	1	79	14	66	44
11	16	77	10	39	84	37	17	70	61	81	78	5	38	60	47	23	69
8	8	79	66	14	55	49	63	1	73
8	9	44	3	64	67	8	59	6	50	54
3	1	40
3	1	2
6	1	54
6	1	62
9	1	73
9	1	21
12	1	40
12	1	80
5	1	40
5	1	13
