12
2	37	37	26	32	11	78	67	36	42	7	34	39	30	18	47	82	52	44	61	24	48	5	31	83	43	10	21	46	22	58	65	81	17	72	68	4	23	66
2	13	59	1	0	36	38	21	50	68	27	83	5	30	73
7	8	32	65	24	7	23	4	52	46
7	9	67	18	42	37	31	61	11	44	47
6	8	32	24	7	23	65	4	52	46
6	10	67	42	37	31	18	61	78	11	44	47
9	12	48	26	39	34	72	17	22	81	10	82	66	58
9	6	30	36	21	68	5	83
0	10	67	47	31	78	11	44	61	42	18	37
0	7	9	28	55	74	71	8	54
10	19	43	11	65	31	37	42	23	18	44	67	78	52	47	4	32	7	61	46	24
10	16	19	80	69	63	6	2	70	13	76	40	45	53	77	62	41	20
1	17	7	32	61	37	52	78	4	42	24	44	47	67	65	23	11	46	18
1	14	33	57	51	29	49	12	3	75	56	14	25	16	15	60
4	8	46	52	65	4	7	23	24	32
4	1	43
11	1	43
11	1	79
8	1	23
8	1	78
5	1	31
5	1	64
3	1	43
3	1	35
