13
0	10	62	33	67	65	43	8	36	4	60	57
0	7	28	75	9	72	10	49	50
4	8	23	64	66	76	30	5	32	18
4	1	54
7	8	18	5	64	66	30	32	76	23
7	10	67	57	8	33	60	43	62	65	36	4
11	19	32	30	76	23	57	62	43	54	60	64	33	36	18	5	8	66	67	65	4
11	16	42	79	48	58	7	59	13	26	78	41	81	70	20	2	71	40
10	12	44	25	39	35	73	19	22	82	11	83	63	53
10	6	31	37	21	69	6	84
2	37	25	67	57	18	23	37	66	60	65	35	39	36	31	83	62	76	64	54	8	44	6	43	84	4	11	21	33	30	5	22	32	53	82	19	73	69	63
2	13	1	38	55	0	69	21	46	27	6	37	84	31	74
1	17	43	66	76	18	67	5	32	65	30	60	23	57	64	33	8	36	4
1	14	51	17	3	24	47	77	45	52	12	34	29	56	15	14
8	7	5	64	32	66	30	76	23
8	8	57	8	43	33	60	62	65	36
3	1	54
3	1	16
6	1	62
6	1	61
9	1	66
9	1	4
12	1	54
12	1	80
5	1	54
5	1	68
