13
0	10	29	30	27	54	79	43	45	78	5	57
0	7	50	72	8	49	69	25	9
1	16	30	79	57	27	23	64	63	34	31	74	68	16	5	29	78	45
1	14	14	51	11	47	56	52	4	15	44	73	32	21	13	26
2	37	63	64	22	57	74	16	23	58	35	78	29	79	33	37	43	28	27	83	30	68	5	42	6	45	84	10	19	20	53	82	17	70	65	34	54	31	62
2	13	46	0	2	55	24	36	35	65	84	71	6	19	28
11	19	64	31	78	58	34	57	79	68	23	30	43	16	74	5	54	63	27	29	45
11	16	77	41	76	38	3	12	59	40	81	60	66	18	67	7	48	39
10	12	42	22	37	33	70	17	20	82	10	83	62	53
10	6	28	35	19	65	6	84
4	8	31	63	74	16	23	68	64	34
4	1	58
7	8	64	34	16	23	63	31	68	74
7	10	57	30	29	27	78	5	79	45	43	54
8	8	34	68	23	31	74	64	63	16
8	9	30	45	78	79	54	43	57	5	27
5	1	58
5	1	75
6	1	43
6	1	61
3	1	58
3	1	1
9	1	34
9	1	29
12	1	58
12	1	80
