14
0	10	24	58	84	41	37	5	39	6	25	48
0	7	34	56	57	79	11	13	76
2	40	14	21	31	17	71	41	61	48	43	58	5	42	45	36	88	15	84	8	25	50	7	12	37	89	16	6	28	24	29	38	62	87	26	77	32	83	72	39	52	70
2	15	0	2	43	52	44	63	7	53	78	72	45	36	28	33	89
1	17	32	14	25	71	21	6	84	8	37	48	15	58	41	38	39	17	5
1	14	40	30	18	60	64	35	19	4	54	59	80	20	23	51
11	12	50	31	45	42	77	26	29	87	16	88	70	62
11	6	36	43	28	72	7	89
9	8	38	8	14	71	21	17	32	15
9	9	41	37	39	25	5	48	6	58	24
7	1	12
7	2	61	83
12	21	5	37	6	41	12	61	15	24	25	17	39	58	21	84	38	32	83	8	48	71	14
12	18	81	74	10	86	9	67	27	68	49	47	46	3	66	75	55	22	82	73
4	8	71	32	15	8	14	21	17	38
4	1	12
8	8	38	14	21	32	71	8	17	15
8	10	24	84	39	5	41	6	25	37	48	58
13	1	12
13	1	85
6	1	24
6	1	69
10	1	38
10	1	84
5	1	12
5	1	65
3	1	12
3	1	1
