14
0	10	88	23	28	65	45	14	36	68	81	42
0	7	77	12	53	13	74	54	32
12	19	81	36	55	62	14	42	45	6	5	23	88	3	8	28	11	26	68	67	4
12	17	63	10	70	61	17	79	72	31	46	84	52	2	71	47	44	80	24
1	17	23	42	4	26	88	3	36	62	5	45	11	14	68	65	28	8	67
1	14	51	16	78	49	19	7	34	37	60	29	56	18	21	57
9	8	62	3	11	8	67	26	4	5
9	9	36	23	45	81	42	88	14	28	65
3	39	11	30	3	14	28	65	40	68	45	26	5	39	43	35	86	62	42	4	36	48	9	23	81	87	15	25	88	27	6	67	58	85	22	75	55	38	69	8	66
3	15	0	1	50	41	9	59	87	25	35	69	38	40	76	82	33
8	8	62	3	8	5	67	11	26	4
8	10	36	23	68	65	42	45	14	81	28	88
11	12	48	30	43	39	75	22	27	85	15	86	66	58
11	6	35	40	25	69	9	87
5	8	4	26	8	11	67	3	5	62
5	1	55
7	1	81
7	1	64
10	1	8
10	1	68
6	1	55
6	1	73
13	1	55
13	1	83
4	1	55
4	1	20
2	1	55
2	1	6
