14
2	40	59	25	73	69	9	55	35	37	20	50	34	38	42	29	32	7	88	31	56	4	43	6	82	89	12	22	30	67	5	23	83	57	87	19	75	70	84	45	68	51
2	15	46	1	0	36	26	45	58	35	6	70	22	76	89	29	87
12	20	4	30	67	42	69	55	51	50	5	20	9	84	32	7	83	59	37	82	31	56
12	17	81	8	80	86	39	63	79	72	64	66	71	40	15	62	21	2	41
8	8	31	59	73	37	84	56	4	32
8	10	69	30	82	7	50	83	5	20	67	42
1	17	50	31	59	5	69	67	56	83	4	30	82	73	84	42	32	37	7
1	14	47	18	33	13	14	44	53	54	28	3	24	16	60	78
11	12	43	25	38	34	75	19	23	12	87	88	68	57
11	6	29	35	22	70	6	89
9	8	59	84	4	31	32	73	37	56
9	9	30	50	5	20	67	82	7	83	42
4	8	56	84	59	37	73	4	31	32
4	1	9
0	10	30	69	20	82	42	7	67	50	83	5
0	7	49	52	27	10	77	11	74
13	1	9
13	1	85
6	1	20
6	1	65
7	1	9
7	2	51	55
10	1	31
10	1	69
5	1	9
5	1	61
3	1	9
3	1	17
