12
6	8	82	19	36	71	18	53	12	5
6	10	41	3	58	37	8	64	31	34	27	77
2	37	77	31	18	26	41	82	27	39	4	34	35	42	64	32	5	81	19	36	46	7	3	83	58	13	23	53	8	24	56	80	21	37	70	66	71	12	65
2	13	59	0	1	72	40	48	23	83	39	66	7	28	32
9	12	46	26	42	35	70	21	24	80	13	81	65	56
9	6	32	39	23	66	7	83
1	17	12	18	82	19	71	36	53	58	31	8	37	5	77	64	41	3	34
1	14	33	25	47	20	6	74	55	30	49	60	15	14	54	17
10	19	36	58	4	8	31	37	3	27	12	82	71	77	19	41	53	5	34	64	18
10	16	22	9	57	68	79	62	61	45	50	43	2	16	76	44	75	67
7	7	19	36	5	71	53	12	18
7	8	3	58	34	37	64	31	27	8
0	10	31	34	41	27	64	8	37	58	77	3
0	7	51	11	69	29	10	52	73
4	8	5	53	36	71	12	18	19	82
4	1	4
11	1	4
11	1	78
8	1	19
8	1	77
5	1	27
5	1	63
3	1	4
3	1	38
