13
8	8	33	11	21	19	53	69	65	34
8	9	8	42	49	55	24	83	46	30	31
11	19	65	33	8	46	31	42	34	21	55	69	63	5	30	19	83	11	53	49	24
11	16	50	41	77	62	7	20	78	14	3	40	71	70	43	80	61	68
2	37	69	83	26	65	37	5	31	11	42	36	39	53	32	24	82	49	46	8	55	63	30	34	44	84	12	22	33	23	58	6	81	18	73	67	19	21	66
2	13	47	59	2	0	27	38	84	67	22	74	32	6	37
0	10	42	46	24	83	49	30	8	63	31	55
0	7	51	28	9	75	10	54	72
7	8	33	11	19	34	53	69	21	65
7	10	8	42	55	31	24	83	49	63	30	46
10	12	44	26	39	36	73	18	23	81	12	82	66	58
10	6	32	37	22	67	6	84
1	16	8	11	53	83	31	42	30	55	19	21	24	63	65	34	69	49
1	13	13	35	25	16	29	48	56	45	57	15	4	76	17
4	8	19	33	69	21	11	53	65	34
4	1	5
5	1	5
5	1	52
6	1	46
6	1	64
12	1	5
12	1	79
3	1	5
3	1	1
9	1	69
9	1	63
