14
2	43	43	31	6	41	74	44	55	3	39	76	9	77	33	42	47	38	5	68	92	13	45	53	7	93	15	27	87	28	11	61	64	22	91	25	81	75	88	51	50	36	72	10	73
2	16	56	1	66	76	27	93	38	46	0	82	44	50	75	34	7	10
12	22	22	41	5	51	72	11	13	88	45	33	77	61	9	6	36	39	74	87	55	43	3	68
12	19	8	24	65	49	23	79	78	52	90	29	26	85	86	58	48	17	70	69	2
11	12	53	31	47	42	81	25	28	91	15	92	73	64
11	6	38	44	27	75	7	93
4	8	45	68	39	88	51	43	9	36
4	1	5
1	17	45	68	51	39	22	6	11	88	36	87	74	33	43	3	77	13	9
1	14	54	21	67	4	37	16	30	63	62	18	57	40	19	84
9	8	68	43	45	88	36	9	39	51
9	9	77	22	87	13	3	11	33	55	6
0	9	11	3	74	55	13	77	87	33	22
0	7	59	14	60	35	12	83	80
8	8	68	43	39	45	36	9	51	88
8	10	77	55	22	74	33	87	3	11	6	13
7	1	5
7	3	72	41	61
5	1	5
5	1	32
13	1	5
13	1	89
10	1	68
10	1	74
3	1	5
3	1	20
6	1	55
6	1	71
