14
5	1	4
5	1	66
1	17	42	44	80	26	51	81	38	17	5	8	48	34	36	64	41	12	21
1	14	32	76	15	18	6	50	57	61	19	53	25	14	58	35
2	38	12	27	64	42	39	48	41	37	43	33	34	85	38	36	17	4	8	49	7	31	44	86	13	23	5	80	24	81	21	59	84	20	73	51	79	68	26	67
2	14	60	2	0	40	52	7	29	23	68	86	33	43	39	74
11	12	49	27	43	37	73	20	24	84	13	85	67	59
11	6	33	39	23	68	7	86
0	9	80	31	26	41	34	42	36	38	12
0	7	56	30	75	11	55	72	10
4	8	48	64	17	44	81	51	5	21
4	1	4
12	20	4	44	80	31	12	5	21	48	79	51	8	38	17	81	42	64	41	36	34	26
12	17	28	22	45	63	70	3	62	69	71	54	16	46	47	9	78	77	83
8	8	5	21	51	17	44	81	64	48
8	10	26	80	36	12	31	34	42	38	41	8
3	1	4
3	1	1
6	1	31
6	1	65
9	8	5	21	51	17	44	81	64	48
9	9	31	36	12	34	26	42	38	41	8
10	1	5
10	1	80
13	1	4
13	1	82
7	1	4
7	1	79
