14
2	38	65	32	9	26	4	42	36	47	10	34	5	35	38	31	85	44	74	39	28	64	46	8	12	63	86	15	23	43	24	67	57	84	52	21	75	81	69	66
2	14	23	58	0	2	37	49	86	69	36	27	31	38	8	76
12	20	28	10	63	67	42	39	43	34	32	52	74	12	81	9	5	65	4	47	64	44
12	17	71	41	61	22	83	17	11	79	60	68	72	3	80	51	40	45	70
0	10	34	63	74	42	28	47	43	32	39	65
0	7	53	29	13	54	73	14	77
11	12	46	26	38	35	75	21	24	84	15	85	66	57
11	6	31	36	23	69	8	86
1	17	44	67	64	43	28	65	32	4	42	34	74	52	9	5	39	47	10
1	14	25	78	48	55	50	16	6	30	33	20	56	19	18	59
8	8	9	64	44	67	10	4	52	5
8	10	47	63	43	28	39	34	65	42	74	32
4	8	9	4	5	44	10	67	52	64
4	1	12
6	1	63
6	1	62
9	8	9	64	10	44	5	67	4	52
9	9	63	43	65	28	39	32	34	42	74
3	1	12
3	1	1
10	1	9
10	1	47
7	1	12
7	1	81
5	1	12
5	1	7
13	1	12
13	1	82
