13
2	37	39	71	26	62	7	27	56	35	37	81	36	40	31	21	64	43	82	20	14	45	8	84	12	6	23	4	24	32	55	51	80	19	69	83	65	33	63
2	13	47	38	2	57	0	37	8	31	28	65	70	23	84
6	1	62
6	1	61
11	19	32	83	33	4	43	6	64	7	39	51	71	14	27	21	35	56	20	62	81
11	16	67	76	44	41	9	77	79	22	66	72	49	59	17	42	60	3
10	12	45	26	40	36	69	19	24	80	12	82	63	55
10	6	31	37	23	65	8	84
8	8	20	81	51	33	64	35	39	27
8	9	21	62	4	56	83	6	7	71	32
7	8	20	51	33	81	35	64	27	39
7	10	21	4	56	43	62	6	7	83	32	71
4	8	64	51	33	39	27	35	81	20
4	1	14
0	10	56	6	71	32	4	83	43	7	62	21
0	7	68	50	10	11	52	73	29
12	1	14
12	1	78
1	17	83	81	33	64	32	43	6	27	21	35	39	4	51	56	71	20	7
1	14	13	18	46	54	48	15	30	5	34	75	25	53	58	16
3	1	14
3	1	1
5	1	14
5	1	74
9	1	81
9	1	43
