14
12	21	2	80	5	57	71	7	38	13	67	8	63	69	55	10	88	27	47	15	23	46	74
12	18	41	82	51	40	64	72	24	42	52	83	65	4	11	19	50	73	43	86
2	41	74	69	29	15	79	7	46	36	57	67	63	55	35	39	33	89	23	47	71	84	88	8	10	44	9	90	16	25	26	60	38	80	2	87	22	76	13	70	5	27	68
2	15	36	33	3	61	37	0	70	48	90	9	84	77	79	25	30
9	8	27	38	67	55	71	63	7	2
9	9	15	10	88	74	46	13	69	47	80
8	8	55	27	38	7	67	71	63	2
8	10	69	15	74	10	47	88	46	13	80	57
11	12	44	29	39	35	76	22	26	87	16	89	68	60
11	6	33	36	25	70	9	90
1	17	46	57	15	55	80	27	47	13	88	74	38	67	71	7	63	2	10
1	14	32	18	49	21	17	6	58	20	81	45	34	28	59	62
4	8	38	7	27	67	63	55	71	2
4	1	8
0	10	47	15	57	69	74	10	46	80	13	88
0	7	12	56	31	78	54	14	75
7	1	8
7	2	23	5
13	1	8
13	1	85
6	1	69
6	1	66
5	1	8
5	1	53
10	1	55
10	1	57
3	1	8
3	1	1
