14
1	17	19	77	52	82	74	2	64	59	38	81	43	45	26	65	23	27	35
1	14	17	13	47	49	24	30	55	76	34	16	6	58	54	15
2	39	81	82	25	26	2	35	59	45	37	27	36	40	31	74	86	77	52	5	32	46	23	7	38	87	12	21	43	65	22	66	56	85	18	72	64	68	19	67	33
2	14	0	39	3	68	57	21	48	73	87	31	37	33	7	28
12	19	5	65	74	59	32	38	81	64	2	19	43	35	45	52	77	82	66	23	27
12	16	80	42	69	20	61	8	60	79	4	84	70	78	44	63	14	41
9	8	19	64	81	59	65	74	52	26
9	9	32	45	38	2	77	35	43	23	82
0	10	38	45	43	32	77	27	82	35	23	2
0	7	51	11	75	29	53	10	71
8	8	19	64	81	59	74	65	52	26
8	10	32	45	38	27	2	35	77	43	23	82
11	12	46	25	40	36	72	18	22	85	12	86	67	56
11	6	31	37	21	68	7	87
4	8	26	74	52	59	65	64	19	81
4	1	5
6	1	32
6	1	62
5	1	5
5	1	9
10	1	19
10	1	27
7	1	5
7	1	66
13	1	5
13	1	83
3	1	5
3	1	1
