13
2	39	69	55	77	74	25	12	23	33	57	68	51	35	59	31	2	37	52	34	38	29	85	11	41	44	6	86	13	21	22	58	60	84	19	75	70	30	43	46	67
2	14	29	36	6	47	3	35	0	46	61	70	26	21	86	76
11	19	51	11	41	30	68	12	60	57	77	43	37	74	69	31	23	2	59	33	52
11	17	63	39	81	15	42	83	80	64	7	49	10	4	65	40	72	71	20
1	17	33	11	52	23	59	51	43	2	60	41	77	31	68	12	30	55	74
1	14	79	14	28	48	24	32	5	16	56	62	45	17	54	18
7	8	68	43	41	31	51	59	33	74
7	10	30	2	60	55	52	23	77	69	11	12
8	8	43	41	31	51	59	33	74	68
8	9	2	60	55	52	23	77	69	30	12
10	12	44	25	38	34	75	19	22	84	13	85	67	58
10	6	29	35	21	70	6	86
6	1	37
6	1	57
0	10	52	23	11	77	30	2	69	55	12	60
0	7	50	8	53	73	27	9	78
4	8	43	74	68	33	51	59	31	41
4	1	37
9	1	74
9	1	11
12	1	37
12	1	82
5	1	69
5	1	66
3	1	37
3	1	1
