13
11	18	33	31	8	34	45	10	7	77	4	5	72	54	21	65	75	39	79	38
11	15	68	12	76	18	3	43	63	60	51	81	46	78	61	24	67
2	37	77	31	28	40	13	21	65	75	38	37	42	35	83	10	39	33	54	5	72	8	47	79	11	84	34	16	25	26	57	82	7	23	70	45	66	4	64
2	13	49	41	2	58	0	35	11	66	40	71	25	29	84
3	1	7
3	1	1
1	17	38	65	8	77	39	31	54	34	4	33	10	45	72	21	5	13	79
1	14	27	56	17	36	74	32	48	55	6	50	19	22	20	59
10	12	47	28	42	37	70	23	26	82	16	83	64	57
10	6	35	40	25	66	11	84
8	8	45	77	4	54	65	39	38	13
8	9	75	31	33	34	79	5	21	72	8
4	8	65	38	54	39	77	13	45	4
4	1	7
0	10	33	10	79	34	21	8	75	72	5	31
0	7	14	53	15	69	52	30	73
7	8	45	13	77	54	65	4	39	38
7	10	5	8	10	31	34	75	79	33	21	72
12	1	7
12	1	80
9	1	45
9	1	10
5	1	7
5	1	9
6	1	75
6	1	62
