13
8	8	35	62	5	12	11	80	67	28
8	9	54	36	77	78	34	14	51	65	22
2	37	54	77	14	27	51	34	38	4	22	67	36	65	78	37	40	32	61	83	5	12	44	8	84	15	24	25	62	80	55	82	21	71	28	66	11	35	64
2	13	56	39	66	2	24	29	0	32	8	38	46	72	84
7	8	35	62	12	80	28	67	5	11
7	10	54	36	78	14	65	51	77	34	22	61
1	16	67	51	65	34	61	5	54	11	80	28	77	35	12	78	14	22
1	13	53	16	52	18	33	31	57	26	45	74	6	47	19
10	12	44	27	40	37	71	21	25	82	15	83	64	55
10	6	32	38	24	66	8	84
0	10	34	54	61	77	65	78	36	51	14	22
0	7	13	49	50	70	10	30	73
3	1	4
3	1	1
11	19	22	28	78	80	54	51	65	12	61	62	14	35	77	34	4	67	11	36	5
11	16	81	43	69	68	9	75	17	48	41	3	23	63	76	42	59	58
4	8	62	35	28	67	11	5	12	80
4	1	4
9	1	62
9	1	61
12	1	4
12	1	79
5	1	4
5	1	7
6	1	36
6	1	60
