13
2	37	7	14	29	4	65	39	6	46	16	55	35	8	37	12	41	34	83	68	47	9	84	69	17	26	32	10	27	49	59	82	24	74	44	23	70	50	66
2	13	30	0	2	40	60	34	52	26	84	75	70	9	39
11	19	65	44	69	32	23	49	4	50	46	55	68	6	16	10	8	14	35	12	7
11	16	78	11	19	43	53	45	3	25	72	42	63	79	62	71	81	67
8	8	46	4	8	16	14	50	49	23
8	9	44	32	69	35	10	6	55	65	12
10	12	47	29	41	37	74	24	27	82	17	83	66	59
10	6	34	39	26	70	9	84
1	17	55	14	23	44	10	8	69	12	4	65	16	49	46	50	32	68	35
1	14	51	28	61	33	36	21	48	18	58	5	77	22	57	20
7	8	46	4	8	14	16	50	49	23
7	10	44	32	69	10	35	6	55	68	65	12
0	10	55	12	32	10	35	65	6	69	68	44
0	7	13	76	73	15	31	54	56
4	8	49	23	50	16	8	4	46	14
4	1	7
9	1	50
9	1	68
12	1	7
12	1	80
5	1	7
5	1	38
3	1	7
3	1	1
6	1	6
6	1	64
