13
11	19	33	23	31	69	65	7	46	79	36	55	30	39	78	6	61	62	4	8	73
11	16	67	9	2	68	58	20	76	42	64	14	40	59	81	41	77	48
4	8	62	7	65	33	79	73	31	8
4	1	55
8	7	8	79	31	65	73	7	62
8	8	4	30	61	6	23	69	78	46
1	17	61	8	33	23	31	46	7	73	30	39	65	36	69	79	78	62	4
1	14	16	52	24	28	18	13	75	3	51	15	32	47	44	56
10	12	43	25	38	34	71	19	22	82	12	83	63	53
10	6	29	35	21	66	5	84
2	37	25	33	6	79	35	36	69	34	78	38	29	8	83	55	23	65	39	43	31	5	4	62	84	12	21	30	22	61	53	7	82	19	71	73	66	46	63
2	13	1	45	29	54	0	37	66	72	5	84	21	35	26
7	8	8	33	79	31	7	65	73	62
7	10	4	36	30	39	78	61	6	23	69	46
0	10	61	4	6	36	69	78	23	30	39	46
0	7	74	11	27	10	49	70	50
5	1	55
5	1	57
12	1	55
12	1	80
9	1	31
9	1	39
6	1	6
6	1	60
3	1	55
3	1	17
