12
10	19	30	40	32	17	75	0	28	64	54	68	41	78	58	29	62	50	6	65	51
10	16	37	7	43	77	13	3	60	76	67	38	69	59	80	39	47	19
2	37	68	30	23	65	51	6	78	34	64	58	62	29	33	36	41	27	50	82	28	32	42	5	17	83	10	20	75	21	55	81	18	0	71	40	66	54	63
2	13	1	35	2	45	56	66	34	24	5	27	83	72	20
1	17	30	51	78	75	62	6	50	17	68	40	29	64	58	0	41	65	54
1	14	12	74	46	52	14	44	53	57	26	31	11	16	4	22
9	12	42	23	36	33	71	18	21	81	10	82	63	55
9	6	27	34	20	66	5	83
4	8	0	29	54	68	65	50	51	17
4	1	32
0	9	58	78	28	41	75	64	62	30	6
0	7	9	8	25	48	70	73	49
7	8	0	65	54	50	29	51	17	68
7	9	62	6	78	75	40	41	28	58	64
6	8	17	0	29	65	51	54	50	68
6	10	58	62	40	6	41	78	30	75	64	28
5	1	28
5	1	61
3	1	32
3	1	15
11	1	32
11	1	79
8	1	0
8	1	30
