14
1	17	79	46	73	49	72	31	29	39	9	12	30	65	2	33	82	61	37
1	14	14	18	27	5	78	54	47	23	55	50	16	17	58	32
11	12	45	24	41	36	75	19	22	85	13	86	63	56
11	6	28	38	21	66	6	87
2	39	24	46	64	31	38	33	12	65	82	39	29	36	72	41	28	86	79	35	30	73	45	6	87	13	9	21	37	22	61	2	49	71	56	85	19	75	66	63	34
2	14	3	48	25	40	57	21	87	0	38	66	28	76	6	71
12	20	30	39	34	33	79	31	9	49	2	12	37	82	65	46	72	29	73	64	35	61
12	17	69	68	70	84	80	15	81	51	8	59	42	4	20	44	7	60	43
7	1	64
7	1	34
0	10	12	2	30	31	65	79	73	33	82	35
0	7	11	52	10	74	53	77	26
9	8	46	39	49	29	72	61	9	37
9	9	35	82	30	31	33	2	12	79	73
8	8	46	39	49	29	72	61	9	37
8	10	35	82	30	31	33	2	12	79	65	73
4	8	46	39	29	72	49	9	37	61
4	1	64
13	1	64
13	1	83
3	1	64
3	1	1
5	1	64
5	1	67
10	1	46
10	1	65
6	1	35
6	1	62
