14
0	10	67	26	63	36	65	37	52	31	29	69
0	7	72	50	75	51	28	10	11
2	39	29	25	52	48	2	38	36	63	9	37	79	35	40	32	86	31	26	5	65	81	57	44	7	62	85	87	13	22	19	69	23	67	55	84	20	73	68	33	66
2	14	56	3	22	0	39	68	46	32	27	2	7	38	87	74
11	12	44	25	40	35	73	20	23	84	13	86	66	55
11	6	32	38	22	68	7	87
12	20	79	62	69	65	81	5	85	36	33	9	26	19	29	57	48	63	37	52	31	67
12	17	59	80	78	60	12	49	70	41	4	42	8	43	71	64	21	83	16
9	8	19	79	9	85	62	48	33	5
9	9	67	26	52	37	69	31	65	29	63
8	8	19	79	9	5	33	85	62	48
8	10	67	26	52	29	63	37	69	31	36	65
1	16	63	19	31	62	37	36	79	85	52	67	9	26	48	5	29	33
1	14	17	45	30	54	47	15	34	24	14	53	58	76	6	18
4	8	48	79	19	5	85	62	9	33
4	1	81
13	1	81
13	1	82
6	1	65
6	1	61
3	1	81
3	1	1
7	1	81
7	1	57
10	1	33
10	1	36
5	1	81
5	1	77
