14
12	21	42	69	5	72	80	48	36	64	65	7	34	23	26	84	12	6	77	11	73	63	9
12	18	43	61	2	45	86	41	10	82	71	3	24	17	70	74	67	83	60	51
2	40	69	44	29	11	36	26	34	38	72	65	42	12	37	40	33	63	88	23	48	73	46	64	8	89	15	25	9	5	77	27	57	87	22	76	7	84	68	6	80	66
2	15	39	1	58	49	0	30	68	25	33	78	8	44	40	38	89
11	12	46	29	40	37	76	22	27	87	15	88	66	57
11	6	33	38	25	68	8	89
8	8	72	34	42	5	77	63	26	6
8	10	23	36	64	69	48	9	80	65	11	73
1	17	6	64	9	77	11	23	36	48	73	72	5	80	26	65	63	34	42
1	14	56	16	32	35	50	55	18	47	21	19	28	4	81	59
0	10	69	11	36	73	80	48	65	9	23	64
0	7	31	13	52	14	79	53	75
5	1	12
5	1	54
9	8	34	42	77	5	72	6	63	26
9	9	36	64	9	69	23	73	80	65	11
7	1	12
7	2	84	7
4	8	26	5	77	72	34	6	42	63
4	1	12
13	1	12
13	1	85
10	1	5
10	1	48
3	1	12
3	1	20
6	1	69
6	1	62
