14
12	20	19	69	11	31	77	35	49	65	33	16	71	58	41	66	5	21	46	9	52	64
12	17	72	2	80	22	12	6	61	60	45	81	73	40	83	50	42	39	68
2	38	58	77	26	52	36	41	34	11	38	30	64	85	71	46	5	33	19	65	43	4	31	86	49	10	23	35	24	56	66	84	20	21	75	69	70	16	9	67
2	14	37	1	70	86	57	47	24	27	0	4	30	36	23	76
1	17	46	66	58	77	19	35	31	69	41	9	21	71	5	16	65	11	52
1	14	29	14	48	54	25	79	17	59	44	3	13	55	32	15
11	12	43	26	38	34	75	20	24	84	10	85	67	56
11	6	30	36	23	70	4	86
8	1	69
8	1	52
9	8	21	31	9	69	19	41	16	65
9	9	58	46	77	49	5	66	11	71	35
0	10	58	66	49	77	11	46	5	52	35	71
0	7	7	78	28	74	8	51	53
4	8	65	69	9	21	41	16	31	19
4	1	33
10	8	31	9	69	19	21	41	16	65
10	10	46	77	49	5	52	58	66	11	71	35
5	1	33
5	1	63
7	1	33
7	1	64
6	1	49
6	1	62
3	1	33
3	1	18
13	1	33
13	1	82
