13
2	37	69	33	26	67	78	39	38	4	9	6	37	41	32	49	83	35	22	64	45	7	84	27	13	23	58	24	11	57	82	53	20	73	66	68	19	34	65
2	13	7	39	2	84	47	59	40	68	0	74	23	28	32
8	8	66	4	64	11	34	78	53	19
8	9	22	69	38	58	33	6	49	35	9
10	12	45	26	41	37	73	20	24	82	13	83	65	57
10	6	32	39	23	68	7	84
1	16	22	49	66	38	35	11	34	19	4	64	58	53	67	33	69	78
1	14	14	55	60	48	30	56	18	5	36	25	76	15	17	46
4	8	78	34	64	11	66	53	19	4
4	1	27
11	19	11	33	78	64	22	66	27	53	58	6	69	9	67	19	34	35	38	4	49
11	16	79	81	44	70	77	43	52	21	62	8	71	42	50	3	61	16
0	10	38	49	69	6	33	67	22	9	35	58
0	7	10	72	51	29	75	54	12
7	8	11	66	4	64	34	78	53	19
7	10	58	22	69	38	33	67	49	35	9	6
12	1	27
12	1	80
5	1	27
5	1	31
6	1	6
6	1	63
3	1	27
3	1	1
9	1	34
9	1	67
