12
1	17	36	25	29	68	13	54	0	35	53	5	9	79	7	64	66	11	28
1	14	18	61	32	49	57	26	76	4	37	47	16	15	20	56
2	37	50	0	27	28	79	40	9	53	64	7	66	11	39	42	13	34	83	54	36	29	68	46	5	6	84	38	14	23	35	24	25	58	82	21	73	69	67
2	13	41	1	2	60	48	84	23	34	69	40	30	6	74
8	8	54	11	5	25	0	79	35	53
8	9	64	50	29	66	13	28	9	68	36
4	8	25	5	35	11	79	53	0	54
4	1	38
10	12	46	27	42	39	73	21	24	82	14	83	67	58
10	6	34	40	23	69	6	84
0	10	13	50	28	64	68	7	66	29	36	9
0	7	10	31	72	12	55	52	75
7	8	54	11	5	25	0	79	35	53
7	10	64	50	29	7	66	13	28	9	68	36
11	19	5	66	79	35	0	9	50	38	36	11	64	7	28	29	68	25	13	53	54
11	16	62	77	45	22	70	8	63	33	81	3	43	17	71	44	51	78
6	1	50
6	1	65
5	1	38
5	1	59
3	1	38
3	1	19
9	1	11
9	1	7
