14
3	39	36	28	83	52	34	45	9	51	35	70	43	47	33	4	44	41	40	87	11	53	61	8	88	22	14	37	24	25	5	7	64	38	21	86	20	76	42	72	71
3	15	55	2	46	65	24	29	0	72	8	42	77	45	82	88	33
5	8	61	37	7	36	38	4	35	34
5	1	51
11	12	53	28	47	43	76	20	25	86	14	87	71	64
11	6	33	45	24	72	8	88
12	19	11	35	36	34	52	7	37	5	70	44	21	51	4	22	40	38	9	61	41
12	16	74	73	50	57	16	81	67	30	10	68	85	59	3	80	49	23
9	8	35	38	37	36	61	4	7	34
9	9	11	22	70	52	40	21	9	44	41
1	17	34	21	61	4	52	40	35	83	41	7	11	36	9	70	22	37	38
1	14	6	18	79	19	62	32	27	17	56	63	54	15	39	66
0	10	9	21	83	22	70	52	41	11	44	40
0	7	13	78	60	58	75	12	31
8	8	37	38	36	61	34	4	35	7
8	10	70	22	52	40	41	83	11	9	21	44
2	1	51
2	1	5
6	1	51
6	1	26
4	1	51
4	1	1
10	1	4
10	1	83
7	1	44
7	1	69
13	1	51
13	1	84
