14
12	20	35	44	2	3	10	7	80	76	81	39	52	6	70	24	65	85	23	61	50	59
12	17	79	42	11	69	45	63	83	17	77	78	62	5	43	36	68	21	51
7	1	35
7	1	23
2	38	7	27	52	2	65	24	61	38	70	81	44	6	76	3	59	37	41	31	32	80	39	23	85	35	50	46	9	86	14	22	25	57	84	20	71	67	10	66
2	14	0	4	22	9	48	58	40	46	28	38	67	31	86	73
1	17	70	65	44	24	50	52	39	3	59	2	81	6	76	7	61	10	85
1	14	56	19	16	34	75	15	55	30	8	18	49	47	26	60
0	10	52	3	80	6	2	44	81	76	39	10
0	7	13	53	29	54	74	12	72
11	12	46	27	41	37	71	20	25	84	14	32	66	57
11	6	31	38	22	67	9	86
5	1	35
5	1	33
9	8	61	85	24	65	59	50	7	70
9	9	76	52	2	80	10	81	3	39	6
8	8	65	85	24	61	50	7	70	59
8	10	44	52	2	80	76	3	81	39	6	10
6	1	80
6	1	64
4	8	24	61	70	7	59	65	50	85
4	1	35
13	1	35
13	1	82
10	1	65
10	1	44
3	1	35
3	1	1
