14
2	38	28	3	9	23	66	63	26	37	62	36	34	77	35	40	32	81	85	5	49	44	6	86	27	11	20	21	24	38	55	84	52	18	71	80	65	25	60	64
2	14	39	29	65	1	46	56	0	32	72	20	6	40	37	86
9	8	25	24	5	63	36	62	60	34
9	9	26	66	27	28	49	9	52	81	38
8	8	25	63	36	62	5	24	60	34
8	10	26	28	49	9	52	27	66	77	81	38
11	12	44	23	40	35	71	18	21	84	11	85	64	55
11	6	32	37	20	65	6	86
1	17	49	28	66	38	62	9	52	77	36	5	25	81	63	60	24	27	34
1	14	12	53	47	31	4	15	14	57	33	17	45	54	22	75
12	20	52	5	28	81	25	60	63	77	80	3	62	34	66	9	24	38	26	36	27	49
12	17	83	58	13	78	2	79	43	41	69	74	48	19	68	67	7	59	42
4	8	62	34	60	24	63	36	5	25
4	1	3
0	10	66	77	9	52	49	28	27	81	26	38
0	7	8	51	73	10	70	50	30
7	1	3
7	1	80
10	1	25
10	1	77
3	1	3
3	1	16
13	1	3
13	1	82
6	1	26
6	1	61
5	1	3
5	1	76
