13
7	8	5	24	71	62	76	51	74	11
7	10	21	82	86	68	37	7	42	67	46	75
2	42	46	68	28	58	35	24	51	34	38	32	90	86	37	67	75	21	44	9	2	91	14	23	42	25	62	55	59	7	5	89	20	74	78	70	76	41	82	11	71	47	69	53
2	16	9	60	3	47	0	48	36	35	79	23	32	41	70	91	89	29
1	17	86	67	5	76	37	51	7	24	46	62	74	71	11	21	82	42	68
1	14	15	18	45	33	31	61	8	27	19	57	81	56	49	17
10	12	44	28	38	34	78	20	25	14	89	90	69	59
10	6	32	35	23	70	9	91
4	8	24	62	5	74	76	71	11	51
4	1	2
8	8	24	71	62	51	74	76	5	11
8	9	82	86	68	7	67	37	21	46	75
0	10	75	42	46	86	7	82	67	37	21	68
0	7	30	54	52	13	12	80	77
11	22	74	75	62	7	58	53	46	71	51	55	82	11	2	67	68	5	37	21	24	76	86	42
11	19	4	64	72	84	65	83	10	85	40	26	73	22	6	88	43	16	50	63	39
5	1	75
5	1	66
3	1	2
3	1	1
6	1	2
6	3	53	55	58
12	1	2
12	1	87
9	1	74
9	1	42
