13
2	37	59	5	27	40	13	36	38	35	41	3	31	83	79	74	33	65	9	22	76	45	8	61	84	7	14	24	25	62	66	54	82	21	71	67	37	6	64
2	13	47	1	39	55	67	8	0	72	38	31	24	28	84
8	8	7	59	22	61	5	74	37	6
8	9	33	66	9	79	40	62	13	3	36
10	12	45	27	41	35	71	21	25	82	14	83	64	54
10	6	31	38	24	67	8	84
1	17	22	40	66	74	76	7	62	3	37	9	13	79	36	5	59	61	6
1	14	46	48	15	26	16	20	30	56	52	18	75	53	4	34
7	8	7	74	37	22	61	59	6	5
7	10	76	13	33	3	9	40	66	36	62	79
11	19	7	74	61	66	79	62	76	13	65	9	36	40	22	5	33	59	3	6	37
11	16	2	68	49	77	81	10	42	69	63	17	44	23	58	78	57	43
0	10	62	3	76	33	66	36	13	79	9	40
0	7	50	12	51	29	11	73	70
12	1	65
12	1	80
6	1	33
6	1	60
4	8	5	59	61	22	37	7	74	6
4	1	65
5	1	65
5	1	32
9	1	7
9	1	76
3	1	65
3	1	19
