14
12	21	6	39	80	12	84	47	69	37	34	88	7	45	5	68	71	65	24	22	62	13	58
12	18	1	72	63	86	10	81	46	42	9	82	3	64	25	73	48	53	18	43
8	8	6	71	39	69	22	58	88	80
8	10	37	45	13	5	12	62	65	68	47	34
0	9	45	65	34	12	13	37	5	47	62
0	7	54	11	77	55	31	14	74
11	12	49	29	41	36	75	23	27	87	15	89	67	59
11	6	33	38	26	70	8	90
2	41	44	29	34	71	12	22	38	80	45	62	36	41	33	13	65	89	24	84	83	58	37	39	49	8	90	47	68	15	26	27	59	6	87	23	75	88	69	7	5	70	67
2	15	2	60	51	40	0	38	70	83	76	26	44	30	90	8	33
1	17	65	39	13	69	88	6	34	37	80	68	12	45	22	47	58	71	62
1	14	52	28	50	57	21	32	17	35	16	19	4	61	79	56
4	8	39	80	58	6	69	88	71	22
4	1	84
13	1	84
13	1	85
9	8	71	80	69	39	6	88	22	58
9	9	45	34	62	13	5	47	12	65	68
7	1	84
7	2	24	7
6	1	5
6	1	66
3	1	84
3	1	20
5	1	84
5	1	78
10	1	6
10	1	37
