12
2	37	5	25	8	58	65	36	45	78	17	66	34	38	30	33	32	82	4	51	26	41	43	6	83	18	11	63	22	23	20	54	81	19	69	72	67	55	64
2	13	56	1	36	0	30	37	46	67	73	22	83	27	6
1	16	8	18	58	41	45	55	20	69	66	51	32	17	63	26	5	78
1	14	15	52	24	75	47	57	44	29	16	3	53	31	14	12
9	12	43	25	38	34	72	19	23	81	11	82	64	54
9	6	30	36	22	67	6	83
7	8	58	17	41	66	55	20	26	63
7	9	45	51	69	65	78	18	32	8	4
10	19	69	51	55	26	18	4	63	32	20	33	65	58	5	8	78	45	17	66	41
10	16	7	70	40	59	13	76	77	42	62	60	68	39	80	48	2	21
3	1	33
3	1	35
6	8	17	26	58	66	41	20	55	63
6	10	51	32	45	65	69	8	5	18	78	4
0	10	8	45	18	78	65	51	4	69	32	5
0	7	74	9	71	10	28	49	50
4	8	26	66	20	41	63	55	58	17
4	1	33
11	1	33
11	1	79
8	1	66
8	1	5
5	1	65
5	1	61
