14
8	8	11	70	5	53	12	9	75	66
8	10	43	65	26	19	25	67	35	48	82	34
4	8	12	5	66	75	9	70	53	11
4	1	55
2	39	53	35	28	19	34	38	67	48	11	43	12	37	40	32	66	25	86	21	65	81	82	47	6	87	13	23	55	24	70	59	85	26	20	74	75	69	9	5	68
2	13	50	23	2	39	6	60	0	38	81	87	76	32	69
11	12	47	28	40	37	74	20	24	85	13	86	68	59
11	6	32	38	23	69	6	87
12	20	43	66	48	53	12	19	70	82	67	9	26	75	25	65	34	11	35	5	21	55
12	17	79	62	84	44	71	15	22	72	42	63	52	41	7	80	3	46	33
5	1	55
5	1	45
7	1	55
7	1	21
0	10	35	26	65	48	34	43	19	82	67	25
0	7	10	30	54	77	73	8	56
1	17	9	5	75	12	70	35	66	53	48	25	82	11	65	67	34	43	19
1	14	61	18	4	27	78	14	36	49	17	16	51	58	31	57
9	8	53	70	5	12	66	9	11	75
9	9	19	65	48	67	34	35	43	26	82
6	1	26
6	1	64
13	1	55
13	1	83
10	1	5
10	1	25
3	1	55
3	1	1
