14
12	20	10	85	7	48	29	67	63	81	13	6	20	54	69	79	44	26	77	41	2	42
12	17	68	40	78	61	82	45	16	51	43	4	39	76	70	9	60	22	66
2	38	20	28	42	41	7	77	63	69	36	81	6	48	67	35	38	33	84	44	29	26	54	2	13	46	8	86	14	23	24	10	57	83	21	71	85	79	65	64
2	14	0	3	37	58	23	30	49	36	8	65	33	73	38	86
11	12	46	28	38	35	71	21	24	83	14	84	64	57
11	6	33	36	23	65	8	86
0	10	69	41	54	44	26	10	81	63	29	48
0	7	12	53	52	11	72	74	31
1	16	42	2	85	7	81	77	54	10	69	63	29	20	44	26	13	41
1	13	27	75	59	56	55	34	17	50	15	18	19	32	5
8	8	42	7	20	77	13	85	2	67
8	10	10	41	29	54	44	63	69	48	26	81
4	8	20	42	67	77	7	13	85	2
4	1	6
7	1	6
7	1	79
9	8	85	77	7	13	20	42	2	67
9	9	69	44	41	63	48	10	26	81	29
6	1	48
6	1	62
3	1	6
3	1	1
10	1	20
10	1	54
5	1	6
5	1	25
13	1	6
13	1	80
