14
2	39	61	46	34	27	32	52	69	5	39	7	49	71	38	41	33	47	31	86	9	20	8	50	10	87	14	23	24	4	58	62	35	85	21	77	72	45	42	67	70
2	14	63	53	0	2	40	78	39	10	72	23	45	28	33	87
9	8	4	42	32	34	7	35	46	67
9	9	5	20	71	61	52	8	47	31	49
8	8	4	42	34	35	32	7	46	67
8	10	5	20	52	47	61	8	71	31	9	49
11	12	50	27	41	38	77	21	24	85	14	86	70	62
11	6	33	39	23	72	10	87
4	8	4	35	67	46	42	34	7	32
4	1	69
12	20	52	49	8	71	46	4	69	5	35	31	58	67	42	7	9	61	47	32	34	20
12	17	11	81	84	48	73	36	74	55	16	25	82	22	44	43	66	3	65
1	16	52	47	34	20	4	31	67	9	7	42	5	35	46	71	49	8
1	13	30	54	37	26	59	60	17	64	80	6	51	18	15
10	1	32
10	1	9
3	1	69
3	1	1
0	10	8	47	9	31	61	49	52	5	71	20
0	7	13	12	57	76	29	56	79
7	1	69
7	1	58
6	1	61
6	1	68
5	1	69
5	1	75
13	1	69
13	1	83
