14
2	40	55	44	28	67	39	4	84	83	38	35	41	33	88	5	59	63	13	46	34	47	11	89	16	25	36	6	26	71	58	87	23	76	10	82	70	29	86	62	1	68
2	15	11	2	40	60	49	0	70	30	89	25	44	41	33	77	39
0	10	35	86	55	6	83	4	67	34	5	62
0	7	14	78	52	31	15	75	54
11	12	47	28	41	38	76	23	26	87	16	88	68	58
11	6	33	39	25	70	11	89
12	21	13	63	4	67	6	1	55	62	29	10	84	71	82	36	34	86	46	5	59	83	35
12	18	24	69	73	18	65	81	12	80	72	7	45	51	74	64	42	9	43	3
9	8	84	13	36	59	1	71	46	29
9	9	67	55	5	86	62	6	35	83	4
8	8	84	13	36	59	1	71	46	29
8	10	67	55	5	86	62	34	35	83	4	6
13	1	63
13	1	85
1	16	71	5	67	59	35	13	62	4	55	46	34	29	36	1	84	83
1	13	8	32	56	22	50	79	17	61	19	27	37	57	48
4	8	59	13	29	36	71	1	84	46
4	1	63
5	1	63
5	1	53
3	1	63
3	1	21
6	1	6
6	1	66
10	1	59
10	1	34
7	1	63
7	2	82	10
