13
11	19	52	66	82	33	32	69	18	63	37	23	29	36	22	46	5	31	79	55	17
11	16	80	59	77	12	76	3	67	68	7	41	73	49	42	60	19	43
2	37	52	25	17	5	37	38	22	63	31	46	35	66	40	30	83	29	55	23	32	79	44	6	84	10	18	20	33	21	56	81	16	82	71	65	69	36	64
2	13	39	2	30	6	38	57	47	0	26	65	20	72	84
10	12	44	25	40	35	71	16	21	81	10	83	64	56
10	6	30	38	20	65	6	84
8	8	31	18	79	36	82	69	66	46
8	9	22	63	33	17	55	5	52	37	32
4	8	79	66	18	82	36	69	31	46
4	1	29
1	17	55	32	33	79	82	36	17	18	46	23	52	66	69	31	37	63	22
1	14	11	53	45	54	4	48	24	58	13	14	34	15	75	28
7	8	31	18	79	46	69	82	66	36
7	10	22	63	33	32	23	55	5	52	37	17
0	10	17	37	52	23	22	55	33	5	63	32
0	7	8	50	74	51	9	70	27
3	1	29
3	1	1
5	1	29
5	1	62
6	1	5
6	1	61
9	1	69
9	1	23
12	1	29
12	1	78
