14
12	20	37	35	49	5	71	26	30	13	76	36	58	4	29	47	9	79	55	22	10	14
12	17	17	80	81	45	8	68	43	72	63	64	23	53	70	84	44	46	3
9	8	9	10	29	76	5	47	55	49
9	9	36	79	14	71	37	13	58	4	35
2	39	5	47	28	36	79	29	13	30	40	35	10	58	9	71	39	55	42	26	34	86	22	82	37	4	48	7	87	14	15	24	25	60	85	21	74	69	76	49	67
2	14	51	2	41	61	69	0	87	34	31	82	24	7	75	40
8	7	9	10	55	29	76	5	47
8	9	36	79	30	4	58	14	71	37	13
11	12	48	28	42	39	74	21	25	85	15	86	67	60
11	6	34	40	24	69	7	87
4	8	10	76	29	47	5	9	55	49
4	1	26
1	17	29	76	36	10	14	35	37	79	49	30	4	71	47	55	9	5	13
1	14	78	38	52	20	33	16	57	19	59	18	6	62	27	50
10	1	10
10	1	30
0	10	36	4	71	37	79	30	58	13	14	35
0	7	11	12	54	73	77	56	32
3	1	26
3	1	1
7	1	26
7	1	22
13	1	26
13	1	83
6	1	58
6	1	65
5	1	26
5	1	66
