14
4	8	18	80	6	44	31	65	17	14
4	1	10
9	8	44	18	6	14	80	31	17	65
9	9	40	25	12	69	42	8	71	49	27
2	39	49	34	80	25	6	31	12	45	33	65	10	42	39	43	47	44	38	86	69	71	17	52	14	9	87	27	19	29	8	30	40	18	61	85	26	75	70	7	68
2	14	46	2	54	0	62	45	35	38	9	87	29	70	77	39
11	12	52	34	47	43	75	26	30	85	19	86	68	61
11	6	38	45	29	70	9	87
8	8	44	18	6	14	31	80	17	65
8	10	40	33	25	12	69	8	42	71	49	27
12	20	14	8	44	49	18	12	31	69	10	6	25	27	7	42	80	40	65	33	71	17
12	17	72	21	56	81	3	51	73	76	82	84	13	5	64	28	48	66	50
3	1	10
3	1	1
1	17	44	25	65	12	8	80	49	40	14	18	42	6	17	31	69	33	27
1	14	4	23	79	20	59	41	55	32	24	37	60	63	53	22
0	10	69	25	8	40	42	71	49	33	27	12
0	7	15	78	74	57	36	16	58
7	1	10
7	1	7
13	1	10
13	1	83
6	1	71
6	1	67
5	1	10
5	1	11
10	1	18
10	1	33
