13
4	8	31	43	41	50	40	77	10	62
4	1	66
7	8	50	77	43	31	41	62	10	40
7	10	38	61	12	60	4	7	70	36	68	64
11	18	41	43	10	68	50	38	66	60	4	40	64	62	31	70	61	12	77	36
11	16	39	48	42	69	3	37	73	78	67	81	21	79	16	8	57	58
10	12	44	25	35	32	72	19	23	82	13	83	63	54
10	6	29	33	22	65	6	84
2	37	25	36	10	33	62	70	61	12	32	35	29	68	66	83	38	7	43	44	6	41	84	4	64	13	31	22	23	50	54	60	82	19	72	65	77	40	63
2	13	2	29	46	55	34	26	0	65	6	33	22	74	84
8	8	77	43	31	41	62	10	50	40
8	9	61	12	60	4	7	70	36	68	64
1	17	60	61	64	4	38	7	12	31	77	50	68	10	70	62	43	40	41
1	14	14	28	17	15	47	53	30	18	45	52	76	5	24	56
3	1	66
3	1	1
0	10	70	64	12	38	68	7	60	61	4	36
0	7	71	75	9	51	49	11	27
9	1	50
9	1	38
5	1	66
5	1	20
6	1	36
6	1	59
12	1	66
12	1	80
