14
2	42	69	83	29	41	86	85	79	38	80	22	43	33	37	42	26	34	15	46	91	4	2	39	62	21	27	68	19	84	50	7	92	11	24	25	60	87	90	20	75	5	71	70
2	16	0	40	1	71	52	7	61	76	70	41	84	24	30	34	38	92
9	8	43	19	86	85	87	69	62	27
9	9	83	79	5	26	80	2	68	15	39
11	12	50	29	42	37	75	20	25	90	11	91	70	60
11	6	34	38	24	71	7	92
12	22	43	33	22	2	4	19	86	68	79	5	46	87	27	39	26	83	15	69	62	21	85	80
12	19	72	44	48	81	36	64	45	65	8	57	54	47	14	73	89	82	3	49	23
1	17	85	83	33	86	80	43	62	39	87	15	19	5	79	26	2	27	69
1	14	78	53	13	63	28	18	58	6	16	35	12	32	51	59
8	8	69	43	62	19	85	87	27	86
8	10	2	83	68	15	79	26	80	39	33	5
0	10	83	80	33	15	79	26	68	2	39	5
0	7	9	56	77	55	31	10	74
4	8	87	86	69	27	85	19	62	43
4	1	22
7	1	22
7	3	21	4	46
6	1	68
6	1	66
3	1	22
3	1	17
10	1	62
10	1	33
13	1	22
13	1	88
5	1	22
5	1	67
