14
2	41	36	83	29	60	85	41	69	4	13	22	12	6	38	43	33	25	89	21	57	84	40	61	48	7	90	14	24	26	71	62	35	88	20	76	80	49	72	39	8	51	70
2	15	0	72	2	42	51	7	63	33	24	53	41	84	77	90	30
0	10	69	83	4	6	13	25	85	12	35	22
0	7	10	56	78	55	75	11	31
11	12	48	29	43	38	76	20	26	88	14	89	70	62
11	6	33	41	24	72	7	90
4	8	71	80	36	57	49	40	39	8
4	1	61
12	21	40	4	8	35	60	25	6	61	13	80	22	12	39	83	71	21	57	49	69	36	85
12	18	23	44	3	81	66	17	87	27	9	45	67	46	74	54	47	82	73	65
9	8	57	8	80	40	36	71	49	39
9	9	35	22	12	6	85	13	83	69	25
1	17	83	4	57	85	69	40	35	71	25	36	39	8	80	12	13	49	6
1	14	52	15	59	32	79	16	5	58	37	50	19	64	28	18
8	8	57	8	39	49	71	80	36	40
8	10	35	22	25	69	83	12	13	6	85	4
7	1	61
7	1	21
13	1	61
13	1	86
5	1	61
5	1	34
10	1	8
10	1	4
3	1	61
3	1	1
6	1	22
6	1	68
