14
2	41	3	25	53	21	27	10	37	58	51	85	36	67	39	31	89	65	66	70	45	79	6	40	90	12	20	35	22	26	82	54	57	74	88	18	69	76	64	71	43	68	33
2	15	38	2	59	0	47	37	6	90	64	20	31	43	77	71	28
1	17	40	33	66	74	21	53	82	67	65	51	10	35	70	27	58	85	26
1	14	48	5	55	46	34	30	13	15	24	60	16	80	17	56
0	9	40	53	67	70	10	65	27	66	3
0	7	9	50	11	52	78	75	29
11	12	45	25	39	36	76	18	22	88	12	89	68	57
11	6	31	37	20	71	6	90
5	1	69
5	1	8
9	8	21	33	85	26	35	58	51	74
9	9	10	70	27	67	82	53	40	3	66
12	21	3	35	53	27	54	58	10	70	51	85	40	66	79	69	74	33	65	82	26	67	21
12	18	62	42	7	87	23	19	73	72	4	14	32	81	44	49	41	83	84	61
6	1	3
6	1	63
8	8	85	21	33	26	35	58	51	74
8	10	27	65	10	70	67	82	53	40	66	3
4	8	74	35	58	51	85	33	26	21
4	1	69
13	1	69
13	1	86
10	1	85
10	1	65
3	1	69
3	1	1
7	1	69
7	2	79	54
