13
4	8	64	44	79	33	13	28	7	52
4	1	20
11	19	55	28	7	33	40	44	64	9	22	20	5	51	52	13	79	43	66	34	8
11	16	16	69	3	50	81	45	42	77	10	76	70	61	78	23	62	41
1	17	55	51	79	52	8	28	66	7	9	64	13	22	33	5	44	34	40
1	14	56	49	75	35	15	26	19	60	57	31	4	47	17	18
2	37	9	27	64	22	37	44	33	55	5	51	79	40	66	34	36	39	32	28	83	20	13	43	7	46	6	84	14	8	24	25	58	52	82	21	72	68	67
2	13	59	2	0	38	48	6	68	29	37	32	84	24	73
10	12	46	27	39	36	72	21	25	82	14	83	67	58
10	6	32	37	24	68	6	84
8	8	44	7	13	64	28	33	79	52
8	9	55	43	8	9	51	66	5	40	22
5	1	20
5	1	65
7	8	44	64	7	33	13	28	52	79
7	10	55	9	43	66	8	34	51	22	5	40
3	1	20
3	1	1
0	10	66	5	22	55	43	8	9	34	51	40
0	7	11	53	71	30	12	54	74
12	1	20
12	1	80
6	1	43
6	1	63
9	1	7
9	1	34
