13
4	8	38	31	32	18	79	46	52	45
4	1	60
2	37	24	26	47	35	43	36	42	52	34	39	30	83	6	9	72	48	7	84	32	45	12	60	22	23	80	58	38	82	20	71	2	67	79	31	46	18	66
2	13	37	3	7	30	59	36	50	0	73	22	67	27	84
10	12	48	26	39	34	71	20	23	82	12	83	66	58
10	6	30	36	22	67	7	84
1	17	6	43	38	46	52	47	45	72	32	9	24	18	80	31	2	42	79
1	14	13	29	5	61	33	75	25	14	16	49	56	17	51	57
0	9	72	47	9	35	6	43	2	42	24
0	6	11	54	55	28	10	74
7	8	46	31	18	79	32	45	38	52
7	10	72	24	80	35	6	42	9	47	2	43
11	19	18	2	47	32	46	38	31	79	42	35	9	72	80	6	24	52	60	43	45
11	16	44	69	8	68	41	53	4	77	63	40	76	15	81	62	19	21
8	8	31	18	45	38	79	32	46	52
8	9	24	80	47	35	2	6	42	72	43
12	1	60
12	1	78
3	1	60
3	1	1
5	1	60
5	1	65
6	1	35
6	1	64
9	1	31
9	1	9
