13
0	10	30	55	28	66	14	16	64	53	79	27
0	7	15	52	34	54	72	12	75
10	12	46	32	42	39	73	24	29	82	17	83	65	58
10	6	36	40	26	69	8	84
2	37	32	10	13	30	67	40	27	66	64	16	39	42	36	55	83	14	53	46	0	11	79	8	84	17	26	29	48	37	58	82	24	73	69	28	68	4	65
2	13	3	49	26	33	59	40	84	41	1	74	69	8	36
11	18	0	4	14	66	55	64	16	10	79	37	28	68	30	13	67	53	48	27
11	15	70	45	77	43	9	71	19	25	61	62	51	78	22	5	81
1	17	16	53	68	0	66	48	27	4	30	55	64	13	10	79	14	11	37
1	14	56	35	6	31	20	23	21	47	18	50	57	76	60	38
7	8	48	37	0	11	4	68	13	10
7	10	28	53	64	30	27	16	79	14	55	66
8	8	48	37	0	11	4	68	10	13
8	9	27	53	64	30	16	79	28	55	14
4	8	13	0	48	37	11	10	68	4
4	1	67
9	1	48
9	1	66
6	1	28
6	1	63
12	1	67
12	1	80
5	1	67
5	1	7
3	1	67
3	1	2
