14
4	8	40	74	29	1	5	63	64	20
4	1	71
2	38	20	6	64	54	5	26	38	1	37	63	41	70	32	74	68	85	7	23	35	30	45	8	86	12	22	71	66	24	65	57	55	84	19	76	69	29	40	67
2	14	0	39	47	8	2	56	45	69	38	22	27	32	86	77
12	20	71	66	5	7	65	70	35	74	57	30	54	63	20	64	6	40	29	23	1	68
12	17	33	14	59	42	80	9	73	44	60	83	72	81	49	43	21	36	3
8	7	63	20	64	5	1	40	29
8	9	6	68	35	54	7	65	70	57	30
11	12	45	26	41	37	76	19	24	84	12	85	67	55
11	6	32	38	22	69	8	86
1	17	65	1	6	66	64	7	63	54	20	40	5	70	29	74	68	30	35
1	14	13	18	48	52	4	15	25	31	53	58	34	79	46	16
9	8	20	5	64	29	1	63	40	74
9	9	68	54	35	70	57	6	65	66	30
7	1	71
7	1	23
0	10	57	7	68	30	66	70	35	65	54	6
0	7	28	51	11	78	75	50	10
13	1	71
13	1	82
6	1	57
6	1	61
3	1	71
3	1	17
5	1	71
5	1	62
10	1	1
10	1	7
