13
2	37	6	12	26	65	64	38	79	61	36	32	53	76	37	40	30	83	4	67	7	49	14	44	34	8	84	15	23	46	33	24	56	82	21	72	68	9	66
2	13	0	39	2	8	57	47	73	38	30	23	68	84	27
1	17	12	4	49	33	46	6	7	14	76	9	32	64	36	79	61	65	34
1	14	17	45	75	25	29	58	20	16	54	55	19	48	35	5
10	12	44	26	40	37	72	21	24	82	15	83	66	56
10	6	30	38	23	68	8	84
4	8	4	49	7	36	33	9	6	79
4	1	53
11	19	49	34	53	9	36	64	6	32	4	14	76	61	65	33	7	12	67	46	79
11	16	22	77	31	78	59	70	42	81	43	18	10	69	3	41	60	50
7	7	79	36	7	4	9	6	33
7	9	61	65	32	76	12	34	14	67	64
0	10	14	12	65	34	64	76	32	61	46	67
0	7	13	52	51	11	71	74	28
12	1	53
12	1	80
8	8	7	4	6	9	79	36	49	33
8	9	32	76	14	34	67	61	65	46	64
3	1	53
3	1	1
6	1	67
6	1	62
5	1	53
5	1	63
9	1	7
9	1	12
