13
2	37	71	27	66	41	40	39	43	34	12	36	55	83	33	37	5	9	35	48	7	24	84	23	13	22	6	25	80	29	58	82	20	46	73	67	64	28	65
2	13	50	1	0	59	74	42	22	67	41	7	30	84	34
10	12	48	27	43	39	73	20	25	82	13	36	65	58
10	6	34	41	22	67	7	84
11	19	80	46	66	33	28	37	40	23	29	71	9	83	55	64	6	5	35	12	24
11	16	47	77	52	45	78	81	70	8	68	61	44	16	21	69	62	2
0	10	23	5	55	9	46	37	6	35	83	12
0	7	53	10	11	54	75	72	31
7	8	24	71	66	80	33	28	29	64
7	10	9	35	6	83	55	37	46	5	23	12
1	17	35	33	46	24	71	6	5	55	80	9	37	29	83	28	66	23	64
1	14	32	60	14	19	38	51	49	15	17	26	56	57	4	76
4	8	24	29	80	28	33	71	64	66
4	1	40
5	1	40
5	1	3
6	1	12
6	1	63
8	8	33	71	66	80	64	24	28	29
8	9	55	35	6	83	23	37	46	5	12
12	1	40
12	1	79
9	1	24
9	1	9
3	1	40
3	1	18
