14
2	38	36	63	24	32	22	37	66	82	34	39	29	25	85	5	49	6	57	62	42	44	7	65	67	86	11	20	21	54	17	84	18	73	80	68	76	61	31	64
2	14	26	7	2	38	68	0	55	46	86	20	74	37	39	29
8	1	17
8	1	62
11	12	44	24	39	34	73	18	21	84	11	85	64	54
11	6	29	37	20	68	7	86
1	16	57	65	82	67	32	76	42	6	17	63	66	22	61	5	62	31
1	13	12	33	47	15	77	52	28	16	56	4	23	14	53
9	8	49	22	65	66	17	31	61	76
9	9	42	32	6	57	25	5	82	63	67
10	8	49	66	17	31	22	65	76	61
10	10	42	57	67	5	32	6	25	63	82	62
12	20	76	57	17	6	63	36	31	32	25	80	61	82	65	67	42	66	49	5	62	22
12	17	19	78	3	8	35	79	70	59	71	69	58	83	13	41	43	40	48
0	10	6	5	63	67	57	25	62	42	82	32
0	7	50	10	75	27	51	72	9
4	8	76	31	17	61	65	22	66	49
4	1	36
7	1	36
7	1	80
5	1	36
5	1	30
6	1	25
6	1	60
3	1	36
3	1	1
13	1	36
13	1	81
