14
1	17	50	42	31	71	2	74	56	20	36	8	84	46	11	13	26	5	69
1	14	33	19	51	57	30	18	15	25	80	63	45	6	58	17
2	40	5	27	74	59	35	11	13	42	71	20	26	31	84	69	34	39	32	8	88	36	49	44	7	89	14	23	46	24	60	2	87	21	77	50	72	56	61	47	70	54
2	15	37	3	62	47	48	0	72	23	78	89	7	32	35	28	87
0	9	69	5	11	31	74	61	71	20	2
0	7	55	12	10	79	29	76	53
4	8	42	36	50	46	84	8	26	13
4	1	49
11	12	44	27	39	34	77	21	24	14	87	88	70	60
11	6	32	35	23	72	7	89
8	8	26	46	84	42	50	13	8	36
8	10	5	71	20	69	56	61	74	31	2	11
9	8	46	42	50	8	13	36	26	84
9	9	71	61	56	2	74	31	11	5	20
12	21	2	56	8	71	59	54	36	84	50	61	20	26	13	5	42	11	74	49	46	31	69
12	18	9	22	16	65	81	73	41	64	66	82	83	52	4	75	86	68	43	40
5	1	49
5	1	38
3	1	49
3	1	1
6	1	61
6	1	67
13	1	49
13	1	85
7	1	49
7	2	59	54
10	1	42
10	1	69
