14
2	38	60	27	32	61	2	35	42	71	14	34	37	31	84	49	41	85	26	10	45	46	7	9	86	15	47	79	23	24	43	57	83	21	72	80	66	8	78	65
2	14	58	23	3	73	35	36	0	50	86	66	7	28	31	37
8	8	79	78	49	42	85	14	8	43
8	10	71	9	2	60	47	26	41	61	45	10
0	10	9	61	47	10	45	26	71	2	60	41
0	7	53	74	29	70	12	54	13
11	12	46	27	37	34	72	21	24	83	15	84	65	57
11	6	31	35	23	66	7	86
12	20	45	9	61	14	47	41	2	85	10	60	80	8	78	32	42	49	79	26	43	71
12	17	68	11	82	22	63	76	52	17	69	67	62	6	40	77	4	44	39
1	17	78	2	26	10	43	9	14	79	45	41	60	42	61	8	71	49	85
1	14	33	16	51	55	48	30	75	20	59	19	25	18	56	5
9	8	78	14	79	8	49	42	85	43
9	9	9	41	61	45	2	60	47	26	10
4	8	78	8	49	42	43	79	85	14
4	1	32
3	1	32
3	1	1
6	1	47
6	1	64
13	1	32
13	1	81
10	1	79
10	1	71
5	1	32
5	1	38
7	1	32
7	1	80
