15
12	21	82	70	21	74	38	15	45	9	72	37	51	12	71	66	23	68	59	35	4	29	22
12	18	24	77	86	8	87	54	67	46	73	78	64	85	63	47	89	48	18	3
0	10	29	37	71	68	9	4	51	35	21	74
0	7	79	10	55	83	56	32	11
3	41	9	35	15	28	51	42	31	68	21	23	82	40	44	34	12	37	91	22	71	49	4	72	6	70	92	13	25	38	26	60	90	20	80	76	45	74	66	75	59	29	69
3	17	92	61	0	2	25	34	7	43	52	42	31	30	75	36	76	6	81
11	12	49	28	44	40	80	20	26	90	13	91	69	60
11	6	34	42	25	76	6	92
5	8	23	15	70	22	38	59	66	82
5	1	72
9	8	38	82	66	22	59	23	15	70
9	9	21	74	71	68	29	35	4	51	37
8	8	15	38	22	66	82	59	23	70
8	10	4	21	9	71	74	51	29	68	35	37
1	17	66	68	15	21	22	82	9	74	70	23	59	4	35	38	71	37	29
1	14	39	17	5	14	19	84	16	33	27	62	50	53	58	57
14	1	72
14	1	88
4	1	72
4	1	1
10	1	22
10	1	9
7	1	51
7	1	65
2	1	72
2	1	12
6	1	72
6	1	41
13	1	72
13	1	45
