14
0	10	40	7	62	46	21	38	60	9	81	48
0	7	8	6	54	55	76	73	30
4	8	69	66	36	41	12	10	68	82
4	1	19
12	20	82	36	41	9	62	66	40	69	7	46	68	10	21	12	60	81	38	79	19	48
12	17	53	22	80	78	5	63	47	72	2	71	44	45	13	84	33	25	64
2	39	68	62	28	40	82	10	39	66	12	69	19	38	60	37	43	32	86	46	21	81	49	4	87	36	7	79	11	23	24	41	48	58	9	85	20	74	70	26	67
2	14	51	59	1	23	0	75	42	4	26	29	39	32	70	87
11	12	49	28	43	37	74	20	24	85	11	86	67	58
11	6	32	39	23	70	4	87
1	17	7	60	9	40	41	36	38	12	62	21	82	46	68	66	81	69	10
1	14	52	56	14	57	77	15	61	31	16	3	18	35	50	27
7	1	19
7	1	79
8	8	69	10	36	82	68	66	12	41
8	10	60	81	62	7	38	21	46	40	9	48
9	8	36	82	68	41	66	12	10	69
9	9	62	7	38	9	46	40	81	48	60
10	1	68
10	1	21
3	1	19
3	1	17
13	1	19
13	1	83
5	1	19
5	1	34
6	1	48
6	1	65
