13
2	37	31	43	73	23	30	35	64	36	34	39	28	79	83	19	50	54	29	37	44	63	6	78	5	84	10	20	21	55	82	16	61	71	67	17	62	32	65
2	13	0	56	2	46	38	20	72	84	67	24	6	28	35
11	18	43	63	73	78	61	29	62	30	36	37	32	54	31	79	64	17	19	50
11	15	7	3	59	69	68	58	41	76	48	40	18	81	42	27	13
10	12	44	23	39	34	71	16	21	82	10	83	65	55
10	6	28	35	20	67	6	84
4	8	32	31	30	5	63	61	17	62
4	1	19
8	8	32	63	30	5	31	17	62	61
8	9	64	73	36	37	43	50	79	29	78
7	8	32	63	61	5	31	17	30	62
7	10	64	73	78	37	43	50	36	79	29	54
12	1	19
12	1	80
0	10	36	50	43	64	78	79	37	54	29	73
0	7	9	70	49	8	74	51	25
1	17	5	62	79	43	29	30	64	32	78	17	63	54	37	36	61	31	50
1	14	53	33	14	26	57	47	4	45	15	12	11	22	75	52
3	1	19
3	1	1
9	1	63
9	1	54
6	1	73
6	1	60
5	1	19
5	1	66
