13
2	37	37	68	24	43	61	38	31	60	54	64	36	40	35	29	32	83	14	82	67	46	4	84	10	21	8	22	28	30	57	51	81	19	73	15	69	5	66
2	13	48	58	1	39	38	0	84	25	21	29	69	74	4
4	8	67	14	51	28	37	31	54	60
4	1	82
10	12	46	24	40	36	73	19	22	81	10	83	66	57
10	6	29	38	21	69	4	84
11	19	37	15	51	8	28	61	64	68	54	5	43	31	35	60	82	30	67	14	32
11	16	50	6	45	71	20	80	12	41	78	77	2	63	70	33	42	62
8	8	28	37	14	51	60	54	31	67
8	9	15	30	5	64	8	32	35	61	43
1	17	31	54	64	15	30	14	28	8	51	37	68	61	67	32	60	43	5
1	14	18	56	55	27	49	34	76	47	3	13	16	59	11	23
7	8	28	31	14	54	37	51	60	67
7	10	15	68	5	32	30	64	8	43	35	61
6	1	35
6	1	65
12	1	82
12	1	79
5	1	82
5	1	44
0	10	43	5	30	32	64	61	8	68	35	15
0	7	9	52	7	72	75	53	26
9	1	31
9	1	68
3	1	82
3	1	17
