14
2	41	82	29	43	15	62	57	56	22	39	10	6	70	38	13	41	34	90	8	32	12	81	49	36	4	48	91	14	35	25	26	63	89	23	77	85	72	58	45	51	27	71
2	16	52	1	64	4	51	40	72	0	25	78	41	91	30	39	34	29
8	8	48	32	10	82	35	70	58	22
8	10	6	8	15	45	56	57	12	43	81	36
1	17	57	10	45	48	22	58	56	35	6	8	15	36	82	81	32	70	43
1	14	16	80	18	61	37	3	53	28	17	33	21	65	50	60
4	8	48	35	32	58	82	22	10	70
4	1	13
11	12	49	29	41	38	77	23	26	89	14	90	71	63
11	6	34	39	25	72	4	91
12	21	56	48	13	12	62	82	35	15	81	8	36	70	85	58	6	45	22	10	27	32	43
12	18	74	84	87	67	68	2	73	7	83	47	75	54	88	66	24	5	44	19
7	1	13
7	3	27	85	62
0	10	57	6	15	45	43	36	56	81	8	12
0	7	59	11	55	79	76	9	31
9	1	82
9	1	57
10	8	35	32	10	82	48	70	22	58
10	9	56	8	15	45	6	12	43	36	81
5	1	13
5	1	46
13	1	13
13	1	86
6	1	12
6	1	69
3	1	13
3	1	20
