14
2	39	28	82	27	55	58	5	8	42	66	39	34	81	21	38	41	32	35	36	86	10	33	46	16	6	87	12	24	25	69	59	85	22	75	71	70	47	15	49	68
2	14	60	40	1	24	49	0	50	6	32	29	87	70	76	39
12	20	16	66	58	33	15	10	82	55	69	5	81	34	47	36	42	21	8	28	35	71
12	17	44	43	63	3	73	17	79	7	72	52	2	80	62	64	84	23	45
11	12	46	27	41	38	75	22	25	85	12	86	68	59
11	6	32	39	24	70	6	87
9	8	47	81	34	16	71	21	42	35
9	9	28	15	10	69	82	36	55	5	8
1	17	66	71	35	55	21	82	34	28	69	5	81	15	36	10	16	42	47
1	14	14	48	78	13	37	56	4	18	31	26	51	61	57	20
4	8	34	21	81	47	42	35	16	71
4	1	33
8	8	34	16	47	71	21	81	42	35
8	10	10	69	8	28	82	36	15	55	5	66
0	10	69	66	28	36	5	15	8	55	10	82
0	7	11	54	77	53	9	30	74
3	1	33
3	1	19
5	1	33
5	1	67
6	1	8
6	1	65
10	1	47
10	1	66
13	1	33
13	1	83
7	1	33
7	1	58
