13
2	39	35	34	25	48	39	47	36	42	31	26	20	85	70	19	6	16	18	49	5	68	86	10	21	61	79	23	71	32	37	66	58	84	17	75	29	69	40	45	67
2	14	5	41	2	60	0	51	21	69	31	27	68	39	86	76
11	20	32	18	35	79	47	66	48	20	29	40	61	16	6	26	45	71	34	19	37	70
11	17	22	63	7	13	83	59	80	64	3	44	38	73	53	43	81	46	72
1	17	34	70	79	19	40	32	16	35	48	37	45	6	18	29	71	47	26
1	14	12	24	56	57	62	78	52	30	11	50	4	33	15	14
10	12	49	25	42	36	75	17	23	84	10	85	67	58
10	6	31	39	21	69	5	86
0	9	16	6	79	34	71	48	47	35	26
0	6	8	9	74	55	77	54
7	8	32	29	18	45	40	37	70	19
7	10	35	34	47	20	26	71	48	79	16	6
4	8	40	45	19	18	70	37	29	32
4	1	61
6	1	61
6	1	66
5	1	20
5	1	65
8	8	40	18	29	45	37	32	19	70
8	9	48	26	47	71	20	79	35	6	16
12	1	61
12	1	82
3	1	61
3	1	1
9	1	29
9	1	34
