13
1	17	14	6	7	29	11	25	58	64	34	35	33	77	59	9	78	63	74
1	14	48	19	46	54	15	53	31	17	26	36	57	4	73	18
2	37	64	27	35	77	38	63	33	78	59	37	40	32	25	52	82	14	45	5	74	84	13	23	24	6	43	9	11	55	81	20	34	58	70	29	66	7	65
2	13	84	2	39	56	47	0	71	5	23	38	32	28	66
10	12	45	27	40	37	70	20	24	81	13	82	65	55
10	6	32	38	23	66	5	84
4	8	63	33	59	6	9	29	34	7
4	1	52
11	19	59	33	43	9	29	74	78	34	11	77	64	25	58	14	63	35	7	52	6
11	16	42	60	61	49	76	80	68	67	75	8	41	16	22	44	21	3
0	9	78	35	58	14	43	77	64	25	74
0	7	10	12	50	30	51	69	72
8	8	9	29	6	63	33	59	7	34
8	9	14	11	74	58	77	35	25	43	78
7	8	6	59	29	63	9	33	7	34
7	10	64	35	11	74	58	14	77	25	43	78
5	1	52
5	1	83
12	1	52
12	1	79
6	1	43
6	1	62
3	1	52
3	1	1
9	1	6
9	1	64
