13
2	37	43	39	5	30	63	12	41	22	79	70	40	44	23	34	83	14	26	50	48	29	6	9	84	15	25	37	13	27	58	82	21	66	72	7	75	67	65
2	13	0	51	59	2	25	42	67	73	41	6	84	31	34
7	8	39	43	79	23	13	75	26	37
7	10	5	63	50	29	66	22	12	9	7	70
10	12	48	30	44	40	72	21	27	82	15	83	65	58
10	6	34	41	25	67	6	84
4	7	23	43	26	37	13	75	39
4	1	14
1	17	50	63	79	29	75	9	39	70	13	5	43	37	7	12	26	22	23
1	14	33	19	76	17	60	16	57	52	49	20	28	56	35	4
11	19	29	9	37	23	26	43	75	22	7	5	14	79	66	50	12	13	39	63	70
11	16	45	77	68	53	61	3	46	69	8	36	24	62	18	47	78	81
5	1	14
5	1	38
0	10	12	63	7	70	66	50	22	5	29	9
0	7	71	74	54	10	32	11	55
8	8	79	13	39	75	37	26	23	43
8	9	50	12	5	9	70	7	22	66	63
12	1	14
12	1	80
9	1	43
9	1	29
6	1	66
6	1	64
3	1	14
3	1	1
