14
1	16	35	69	7	81	67	55	30	9	66	33	32	51	31	73	36	43
1	14	57	6	62	56	47	15	78	17	34	18	28	19	49	24
2	38	66	51	59	25	38	73	13	35	32	37	40	7	9	81	29	44	85	33	55	67	69	46	8	30	86	14	22	5	23	58	84	20	75	70	31	36	43	68
2	14	48	61	26	2	8	0	39	68	22	76	86	29	38	70
12	20	51	5	81	69	7	9	33	55	31	36	44	73	67	66	13	43	30	35	32	59
12	17	10	64	16	50	42	41	79	3	71	54	72	45	63	21	80	83	4
0	10	5	9	43	32	81	55	13	33	73	51
0	7	27	53	11	77	74	12	52
11	12	46	25	40	37	75	20	23	84	14	85	68	58
11	6	29	38	22	70	8	86
4	8	31	67	35	30	7	69	36	66
4	1	59
8	8	31	35	67	69	30	66	7	36
8	10	9	55	81	32	73	13	5	51	33	43
6	1	5
6	1	65
9	8	35	67	31	66	7	69	30	36
9	9	55	81	32	51	33	73	13	5	43
13	1	59
13	1	82
3	1	59
3	1	1
5	1	59
5	1	60
10	1	31
10	1	9
7	1	59
7	1	44
