13
1	17	77	76	8	42	66	7	22	53	27	12	34	6	35	54	5	64	10
1	14	16	32	75	47	49	4	19	56	55	36	18	59	20	28
2	37	35	29	10	39	27	42	7	37	41	33	83	77	63	76	66	46	9	84	15	25	26	22	12	23	5	57	8	82	21	72	67	64	53	34	6	54	65
2	12	58	2	48	0	40	84	67	33	30	9	25	39
11	19	12	63	27	6	77	22	54	35	23	34	66	53	76	10	8	42	7	64	5
11	16	79	61	81	60	78	69	43	38	17	45	50	11	68	24	3	44
0	10	63	34	27	54	35	77	7	76	8	22
0	7	31	71	74	13	52	14	51
8	8	64	66	42	53	10	12	6	5
8	9	63	34	27	8	7	54	77	76	22
10	12	46	29	41	37	72	21	26	82	15	83	65	57
10	6	33	39	25	67	9	84
7	8	64	5	66	6	42	53	10	12
7	10	63	22	34	76	27	8	35	7	54	77
6	1	63
6	1	62
4	8	6	42	10	12	66	5	64	53
4	1	23
9	1	64
9	1	35
3	1	23
3	1	1
5	1	23
5	1	70
12	1	23
12	1	80
