13
7	8	31	78	21	43	35	6	45	33
7	10	54	36	79	18	29	23	38	62	16	46
10	12	47	25	40	34	72	17	22	82	10	83	67	58
10	6	30	37	20	68	5	84
2	37	16	25	33	35	37	18	38	78	43	79	34	40	30	83	54	29	66	62	45	47	5	21	84	10	20	22	58	46	82	6	17	72	68	36	23	31	67
2	13	39	2	0	68	49	59	5	37	73	20	84	26	30
1	17	6	29	43	46	18	79	35	45	62	78	21	31	54	38	23	33	16
1	14	32	56	48	11	28	4	24	13	61	75	15	14	51	57
11	19	45	29	18	54	46	66	23	31	21	43	36	78	16	62	33	79	38	6	35
11	16	69	12	7	81	76	60	70	3	19	44	64	42	41	77	63	52
4	8	78	43	45	21	31	6	33	35
4	1	66
0	10	29	18	79	62	38	36	46	54	23	16
0	7	71	53	9	55	27	74	8
8	8	6	35	31	43	78	45	21	33
8	9	38	23	54	36	29	79	16	18	46
12	1	66
12	1	80
6	1	36
6	1	65
5	1	66
5	1	50
3	1	66
3	1	1
9	1	31
9	1	62
