14
2	39	79	15	11	77	25	55	62	4	53	37	33	70	30	39	47	56	36	40	67	31	86	54	82	45	35	6	87	12	29	22	23	66	59	85	19	74	69	88	68
2	15	37	60	48	22	2	67	87	38	6	0	69	32	26	31	75
8	8	11	55	56	88	39	29	47	30
8	9	66	82	35	33	15	53	77	79	70
0	10	66	35	15	33	77	70	79	4	53	82
0	7	73	10	51	9	76	52	27
3	1	54
3	1	1
1	17	47	29	30	33	39	35	79	56	15	88	77	4	70	53	55	11	66
1	14	57	5	78	49	34	13	16	61	28	24	14	18	46	58
7	8	11	30	55	56	88	39	29	47
7	10	66	70	4	82	35	33	15	53	77	79
10	12	45	25	40	36	74	19	23	85	12	86	68	59
10	6	31	37	22	69	6	87
11	20	29	62	15	54	88	11	70	55	53	56	35	4	66	47	77	82	33	39	30	79
11	17	50	8	7	43	71	44	3	72	42	80	41	17	81	64	63	21	84
4	8	11	55	39	47	56	30	88	29
4	1	54
13	1	54
13	1	83
9	1	55
9	1	4
5	1	54
5	1	20
12	1	54
12	1	62
6	1	82
6	1	65
