14
2	39	35	46	27	57	59	53	40	22	36	82	18	33	38	43	58	7	34	86	49	9	87	32	14	24	79	25	73	62	85	21	75	8	42	70	69	10	47	5	68
2	14	41	2	63	24	0	70	51	40	9	87	46	76	28	34
9	8	10	82	58	5	79	53	73	36
9	9	22	47	33	42	32	57	59	18	35
8	8	10	82	58	5	53	73	36	79
8	10	22	47	33	42	32	59	7	18	35	57
12	20	73	58	33	79	10	22	36	47	69	8	57	42	5	35	59	7	53	82	18	32
12	17	23	54	84	81	48	17	45	66	39	4	80	72	65	44	71	3	11
1	17	42	82	53	32	59	5	7	22	36	73	35	79	57	10	58	18	33
1	14	52	20	26	31	37	16	60	64	78	15	61	50	6	19
11	12	49	27	43	38	75	21	25	85	14	86	68	62
11	6	34	40	24	70	9	87
0	9	42	32	7	35	47	22	18	33	59
0	7	12	55	56	13	29	74	77
4	8	5	36	10	53	82	58	73	79
4	1	69
10	1	82
10	1	7
6	1	47
6	1	67
13	1	69
13	1	83
5	1	69
5	1	30
7	1	69
7	1	8
3	1	69
3	1	1
