12
8	8	6	3	66	62	63	50	79	43
8	9	8	78	30	32	21	41	20	56	17
7	8	6	66	3	43	50	63	79	62
7	10	8	27	17	78	56	41	21	20	30	32
1	17	3	32	6	27	50	78	63	66	21	8	43	20	41	62	79	56	30
1	14	45	13	5	14	74	52	25	18	47	34	31	53	57	16
10	12	44	26	38	35	71	19	24	82	12	83	65	54
10	6	33	36	23	67	7	84
2	37	26	64	78	36	30	56	35	27	38	50	33	83	79	21	66	32	3	8	41	44	63	17	7	84	12	23	6	24	54	82	62	19	71	67	20	43	65
2	13	2	28	37	55	0	36	46	67	7	72	23	84	33
4	8	43	66	50	79	3	6	63	62
4	1	64
0	10	21	8	17	27	56	78	32	30	41	20
0	7	10	29	51	49	70	11	73
11	19	63	41	27	43	32	78	64	6	62	30	20	17	3	56	79	66	8	50	21
11	16	68	9	39	58	76	15	75	48	77	81	59	42	40	4	69	22
9	1	66
9	1	27
6	1	17
6	1	60
12	1	64
12	1	80
5	1	64
5	1	61
