13
4	8	34	66	24	70	78	35	25	47
4	1	5
0	10	18	59	8	56	31	28	37	63	6	72
0	7	52	51	10	75	9	30	71
10	12	45	27	41	38	73	19	22	82	11	83	65	55
10	6	33	39	21	67	4	84
2	37	27	63	66	39	8	38	41	33	6	83	70	31	24	56	35	45	4	59	18	5	84	11	21	28	22	55	78	82	19	73	37	47	67	34	72	25	65
2	13	1	57	48	40	0	67	39	74	21	84	4	33	29
11	19	31	78	35	34	59	37	47	5	63	56	66	8	6	70	25	24	72	18	28
11	16	69	20	60	2	7	61	44	23	81	68	77	14	43	50	79	42
1	17	56	18	24	72	25	78	6	8	31	70	59	34	28	35	47	63	66
1	14	15	13	54	32	3	76	53	12	49	58	17	36	46	26
7	8	35	70	78	24	66	34	47	25
7	10	59	8	72	28	31	56	37	6	63	18
8	8	70	24	66	34	78	47	25	35
8	9	8	28	31	56	72	6	63	37	59
12	1	5
12	1	80
6	1	37
6	1	62
9	1	34
9	1	18
3	1	5
3	1	16
5	1	5
5	1	64
