852
4207	745	8
2379	3143	9
136	2031	9
2289	3064	10
223	4428	8
2936	5554	9
2583	5565	9
4887	3998	9
1890	1776	9
3997	3889	9
5591	80	8
2901	2800	8
3989	3834	8
674	1718	9
3051	2179	8
149	1930	9
5374	4786	9
347	1198	9
4827	4034	9
55	5458	9
132	5329	9
938	603	9
2378	2552	9
3706	4112	8
1903	310	8
2853	187	8
4379	3334	8
1154	4684	9
1939	858	9
1486	1545	8
2785	1513	8
1030	2334	8
1913	4635	10
4092	1970	9
3646	5145	8
4262	1974	8
992	3952	8
882	2288	8
1339	2321	9
896	1106	9
2749	3121	8
5255	2123	8
4957	651	10
2311	3873	8
150	167	9
2190	3450	8
5353	2312	9
4937	2338	8
4437	1831	8
1218	4894	9
4346	1002	9
5708	3836	9
5691	321	8
3753	3893	8
4451	5615	9
3519	2204	9
937	2182	9
1457	2287	9
4528	355	8
1257	3869	8
2056	850	9
5213	591	9
4379	2838	8
1504	5533	9
3929	3142	8
5153	5267	9
3984	2054	9
1602	1324	8
3443	2380	8
5021	698	9
5134	2394	9
561	2743	8
5245	134	8
4745	181	8
5255	331	9
4498	5036	9
2175	2233	9
3635	2599	9
5587	3790	8
3808	2493	9
540	1725	9
161	4859	9
2064	476	8
974	740	9
1336	2506	9
1510	5103	8
3514	4689	8
4450	1434	8
4152	699	9
2762	5457	9
1528	3877	8
4190	2461	8
4482	4818	9
5217	3937	9
1459	3864	9
929	3410	8
3183	1844	8
349	845	8
3378	2326	8
5025	4143	9
4366	3483	9
4303	3013	9
516	5470	8
1869	1414	9
3746	3212	9
2956	1358	8
3800	5060	9
1027	1	9
1921	3000	9
2411	1731	9
3832	4519	9
1354	4779	8
438	5149	8
2739	604	10
2339	4362	8
1676	5022	9
4270	5393	8
2825	1384	9
5486	5048	8
1544	5689	9
1283	4552	9
4481	3564	9
3395	3743	9
4518	4300	9
4020	3610	9
4521	5001	8
906	5211	8
2124	4651	9
953	5570	10
5295	2609	8
2476	2966	8
5667	3464	9
782	512	8
3318	1527	8
4161	796	9
2101	954	8
5408	600	9
1673	2107	9
4837	1727	10
3818	306	9
3302	1650	9
4948	1893	8
543	1991	9
2418	4339	8
253	3227	9
4874	5018	8
5616	3436	8
2978	4685	9
4179	2792	9
330	886	9
969	3151	9
3568	1533	8
3024	4632	10
5556	1627	8
2994	5005	9
4785	216	8
3646	3097	8
4793	3740	9
3073	1485	9
822	2872	10
3067	1722	8
3733	1475	8
4358	4767	9
1699	2539	8
165	1292	8
1797	769	8
3841	819	9
761	5389	9
3850	318	9
5283	2844	9
2972	176	9
1488	4457	9
3429	1056	8
4564	2359	9
3057	3881	9
2787	2403	9
4172	4456	9
1960	3770	9
1295	1249	9
1136	5106	9
4070	4125	9
3719	1988	9
4397	1340	8
5354	670	8
5057	230	9
2343	5482	8
916	4918	8
4076	2866	8
3221	1736	8
1827	4980	9
2191	504	9
4236	5666	9
2375	1217	9
3460	918	9
3228	419	9
5526	256	9
4258	712	8
4435	2241	8
1965	2992	9
1007	828	9
3292	5693	9
2871	4453	8
142	686	9
4398	867	9
1428	2345	8
930	4360	9
758	1629	9
2465	5521	9
224	396	9
5283	5064	9
2951	4264	8
822	2896	8
1038	1123	9
4957	5224	8
5504	1470	8
3659	95	8
3870	4550	9
238	3045	9
4863	1986	9
1765	5406	9
243	2048	8
4884	560	8
287	1391	8
4207	3367	9
2300	2483	10
4204	3271	10
2905	3412	9
266	2391	9
1515	1546	8
3333	1243	8
3395	826	9
4400	3418	9
5333	4608	9
2037	3106	9
2084	3406	8
648	2430	8
2122	3411	8
3954	3314	9
5125	2873	8
427	3739	9
1829	377	9
1699	84	8
2371	883	9
344	3565	8
5663	2851	8
3500	3370	9
2038	1250	8
752	5433	8
1632	550	8
193	4644	8
3522	3991	8
4054	4279	8
1044	1958	9
4947	5167	9
3926	1584	8
4377	4760	8
1135	2943	8
2836	4323	8
4851	812	8
2490	406	8
4773	5070	8
1670	4557	9
15	3951	8
2138	3394	9
5297	3900	8
4333	3258	8
5543	1307	9
25	1565	8
5412	3138	9
5093	4164	8
1519	2415	9
580	3515	8
613	4256	8
1951	2594	9
719	1368	9
16	1805	8
5519	1728	8
2008	2744	9
1787	2612	8
4690	1125	8
2922	2688	8
709	1277	8
3438	1377	9
2501	4062	9
649	5189	9
3817	494	8
599	5352	9
4633	4	9
1472	1357	9
2114	5440	9
2089	5626	9
3222	1826	10
924	3241	9
5448	2893	9
4589	4664	8
2797	517	9
4109	2574	10
152	2999	8
3049	3722	9
2366	3093	8
293	3644	8
3583	3827	10
4135	4155	8
4696	2457	8
5072	3027	8
2142	4582	8
3090	487	8
4701	1810	8
3187	2610	8
1228	3890	8
1375	1197	9
5107	4287	8
1130	3923	9
1737	302	8
1752	1814	9
906	5067	10
5663	2929	10
5561	3762	9
1353	115	9
2948	3452	8
5481	3383	8
1592	3152	8
4284	1668	8
4947	3921	9
4789	4904	10
4253	2958	8
2776	3562	9
1860	332	9
958	2642	8
1175	4903	8
4578	5444	8
5105	2775	8
4697	3231	8
5014	726	8
4439	502	8
3419	2030	10
4703	4144	8
5498	1770	10
3999	721	9
4494	459	8
5003	379	8
3983	1376	9
1350	5316	9
5181	4569	9
933	3911	8
4790	5009	8
2742	5204	8
2172	666	8
1452	3252	8
5275	2890	10
558	2684	9
4660	1060	8
3205	3732	9
5195	4540	9
5704	1862	9
4880	2078	9
3760	3994	10
1512	3853	8
5275	803	8
5378	5132	9
1287	239	8
3277	5337	9
5054	5705	9
3024	4798	9
260	3100	8
3933	1824	9
1213	1322	8
43	37	9
510	2678	8
2547	3061	8
4592	3401	9
1005	5251	9
2928	5384	8
5366	1442	9
4379	4542	8
2212	2879	9
484	5259	8
5252	4477	8
4900	3623	9
1521	3754	9
533	244	9
2476	2966	9
703	997	9
838	637	9
2971	1037	8
4486	1146	9
4368	3442	9
3551	2810	8
364	1615	8
2874	3096	9
1975	5199	9
5347	3803	9
2986	5425	9
3713	2696	8
4930	1603	9
1139	1936	9
150	167	8
2543	1319	9
4900	5621	9
1015	496	9
1094	523	9
4338	1255	8
2118	1019	8
1980	3060	8
4207	745	10
3372	4938	8
4344	2814	9
4252	2571	9
2258	2923	9
624	2336	8
3415	4093	9
2901	2800	10
4133	4493	9
4026	554	8
2606	2848	8
1791	4238	8
4305	631	9
4987	4680	8
3946	2265	8
5600	2805	9
2705	2709	9
1246	2624	9
1688	2181	9
5431	1993	9
1170	544	9
4566	537	9
4869	1126	8
151	3300	8
3997	800	9
5150	3446	8
2946	1889	8
3811	178	8
3730	135	9
4030	3495	8
1251	11	9
3454	5055	8
5595	2573	8
3327	1505	9
1879	1092	9
1295	1568	8
3773	2640	8
4986	4849	9
1687	4848	8
349	2356	8
4275	4758	8
4966	4512	9
4349	3819	9
3894	5146	10
5698	4285	8
4439	4933	10
610	85	9
1476	1861	8
4312	5123	8
2058	618	9
5304	1892	8
4854	1001	8
5283	4354	10
2496	1061	9
4268	2535	9
1581	4196	9
5126	1587	8
711	4654	8
4625	1223	8
1913	54	8
5657	4296	9
4158	5618	8
3132	119	10
4107	5357	8
5690	4762	8
4555	4899	9
2568	777	8
894	640	8
333	2010	9
4189	3545	8
4379	2838	10
1724	2920	9
5551	3391	9
598	4249	10
3497	273	9
2692	526	8
3575	3846	9
3395	3462	10
4923	4577	8
3461	4347	8
5024	5687	9
2739	3931	9
4027	2274	9
1087	5346	9
2510	912	9
5161	2087	8
21	4509	8
1808	2227	8
2633	4622	9
3315	3184	8
3007	661	9
17	993	9
1870	2429	8
4844	249	8
1519	5652	8
3614	3543	8
2505	3794	9
4293	1088	9
752	5433	9
1609	5365	9
3204	4232	9
3222	1826	8
133	1072	8
1305	5653	9
2458	4332	8
3529	2659	8
3318	1527	10
4645	2066	9
4284	1721	8
2942	3775	9
1788	2628	8
2307	4059	9
981	917	9
1438	2587	8
5553	5590	8
2918	2119	9
4437	3076	9
3404	4901	8
4274	1719	9
1987	96	8
448	871	9
5202	2665	8
2801	401	8
2100	5083	9
1114	545	8
2639	5463	8
4299	4800	9
2090	1919	8
1482	5154	8
710	5369	8
5486	5048	10
60	3626	10
3363	5169	9
3878	5166	9
1961	1071	9
3704	1101	8
4710	2763	9
1771	465	8
3646	3097	10
5453	485	9
5409	4329	9
5477	4693	8
3533	2129	8
4245	295	8
3066	4960	8
1895	5630	9
430	2113	9
3130	582	8
2567	5645	8
3400	4408	8
1985	5525	8
103	5338	8
211	3823	8
2392	4955	9
4417	4529	9
1695	1369	8
4729	1662	9
4674	1116	8
3439	4953	8
5542	1323	9
423	4628	8
4554	724	9
2616	897	8
2950	2200	8
2126	1192	8
4842	2303	9
3580	1576	8
417	1455	9
5342	5531	8
3589	955	8
5603	68	9
3577	1162	9
2357	967	8
1444	3648	8
5014	4281	9
4766	1067	9
5672	1144	9
786	4250	9
2821	1032	9
4751	413	8
555	3428	9
3879	3996	8
4169	1635	8
3870	5379	8
4847	1763	8
579	846	9
1699	2539	10
585	5594	8
5635	3835	8
1437	1142	8
4770	5627	8
1476	2005	10
2208	4265	9
1262	4988	8
2175	5436	8
3745	2184	9
694	606	9
5601	2478	9
4892	2605	8
2098	276	8
5455	2158	8
3824	2348	9
1020	650	9
397	1905	9
5074	4419	8
341	5514	8
856	3102	9
2861	1518	9
2984	3413	9
4957	2169	8
1657	2824	8
1835	5402	9
2875	4587	8
2687	4829	9
4597	3978	8
1852	1753	8
1713	1158	8
2009	932	8
4070	5065	8
1440	1276	9
4364	2176	9
214	2007	9
5297	1775	10
1656	542	8
1235	3126	8
3040	4202	8
3784	2385	8
1740	2672	10
1409	995	9
3326	384	9
3659	95	10
129	5112	8
2157	2215	9
2980	1058	9
60	1327	8
4336	1589	8
3687	6	9
4725	5385	8
262	443	8
681	1196	8
5555	2471	8
171	2440	8
563	596	8
4461	3263	8
3493	1361	8
3469	2322	9
1591	3707	8
1692	1746	8
999	1886	8
63	1212	8
5093	4164	10
1062	2944	8
3087	1585	9
4750	122	9
3345	3257	8
367	979	9
4795	3959	9
4617	3741	9
2084	3406	10
733	2500	8
4527	3473	9
621	241	9
3368	5089	8
2253	4120	8
619	4972	9
5501	3480	9
2837	449	9
788	5209	8
3785	1654	9
4103	4402	8
3454	1966	9
5588	382	9
3932	2050	9
4956	1634	9
1332	1729	9
3434	2619	8
2794	1379	9
1709	4013	9
4224	3390	9
2597	4626	8
20	5031	8
5181	4569	8
4722	1920	8
608	166	9
3218	5241	8
1339	5257	8
843	1191	8
2917	1494	8
5475	116	8
3395	3462	8
374	2337	9
4476	1433	9
3373	1333	8
4593	4321	9
2752	4747	8
4174	3398	10
5343	1863	8
5236	1258	9
4364	2	9
3738	1506	9
225	3508	9
55	3268	8
4044	492	9
5498	1338	9
463	3104	9
2666	830	9
3728	4712	9
4058	4151	8
3092	4994	9
2105	2737	8
3382	2995	9
2408	1626	8
1073	257	8
2076	4858	9
4274	3154	8
5422	4820	8
643	4467	8
128	3672	9
2355	531	8
5624	5044	8
405	566	9
3637	5032	8
3279	965	9
2989	1403	9
5294	4541	9
2646	3964	8
34	3968	8
1213	1322	10
2739	1679	9
232	3072	8
4836	4036	8
2551	3156	8
1600	3317	8
2563	3725	8
3248	2638	8
5580	4447	8
472	3532	8
626	590	9
3125	5045	9
2234	4233	8
2855	5324	8
4007	3613	8
60	3626	8
5274	1462	8
505	5113	8
2072	5360	9
4252	2571	8
1016	2703	8
5269	2061	9
3549	1799	9
4244	1834	9
621	4009	8
1467	5226	9
933	3911	10
210	547	9
4510	456	8
3575	1557	9
3727	453	9
138	3526	8
5040	5331	8
4280	2941	8
1427	3918	8
70	213	8
5670	1857	8
5281	973	8
1014	931	8
2907	1680	8
3085	2746	9
5139	2466	9
1488	3947	8
2769	1372	9
2722	1876	9
1918	4826	8
3363	1760	10
1532	1013	8
5522	4502	8
3307	2827	8
3781	1743	8
381	2254	8
1068	1732	9
3810	1704	8
4432	1567	8
3147	4801	9
3042	4025	9
4816	4908	8
3646	4335	9
3478	5372	8
4145	5592	9
2399	4581	8
1316	2738	8
4193	3813	8
3282	677	9
1821	2027	9
1383	3654	8
4017	2842	8
5297	4912	9
1489	200	9
3422	4094	9
5487	2086	8
5452	868	9
1461	910	8
924	4752	8
4132	1580	9
3437	4156	8
630	3990	8
1542	4514	8
2700	1769	8
3021	283	9
5671	2846	9
3643	1686	9
3023	2674	8
1999	2669	8
1618	3107	8
4288	4668	9
2631	890	8
5577	3291	8
4496	4782	8
3914	5129	10
1825	629	9
2160	5563	9
497	220	8
1386	4888	9
2686	4383	8
3989	1303	8
2627	2608	9
1260	2682	8
3715	4128	8
658	1874	8
349	2356	10
5510	5028	9
3961	5604	8
4756	3665	9
2657	3273	9
885	3892	9
4130	3351	9
5483	2386	9
610	3560	8
2340	3647	8
3636	605	8
685	444	8
2902	3175	8
4609	4433	8
5024	5687	8
3914	2325	9
28	1598	8
1935	4505	8
5498	3139	9
3536	5375	9
