2346
4059	3062	0
1802	2679	1
1997	297	0
4002	297	0
4606	425	0
2523	4414	1
5665	2555	12
3084	1183	4
2924	2611	1
2165	2294	0
5386	2555	12
5461	5700	1
2180	3716	12
5551	2218	4
3558	360	12
3717	3445	1
3391	3062	0
5396	746	1
270	2611	1
3523	4414	1
1468	4862	0
5106	3062	0
4158	2376	4
1805	3962	6
1258	2294	0
5463	2679	1
1309	3962	6
1196	5623	1
1780	3353	1
4470	3062	0
3242	2294	0
2773	2679	1
3220	5623	1
4727	3062	0
4899	421	12
3741	2679	1
247	5700	1
1207	5194	4
672	2679	1
4854	5495	12
1329	297	0
4884	5677	4
4167	5495	12
399	3103	1
1029	2611	1
4743	3229	4
5158	3217	1
1704	3062	0
900	3432	12
2245	323	12
5114	2611	1
2272	3611	12
3929	923	12
1922	3716	12
3580	4893	4
4692	2611	1
2886	923	12
4521	360	12
147	1807	12
1903	578	12
223	3716	12
1034	3217	1
700	2611	1
3491	1055	4
5360	2611	1
4459	4781	4
5284	3611	12
4885	3062	0
2513	3611	12
1535	2294	0
5205	2679	1
651	4583	1
1223	425	0
2634	3217	1
1706	421	12
2746	2294	0
560	2679	1
3564	3611	12
5401	578	12
542	2679	1
5029	2621	12
473	4137	12
3082	4909	4
3475	746	1
4734	2611	1
408	2681	4
3659	4414	1
1626	2294	0
4468	3217	1
3713	418	4
2901	893	12
1098	4862	0
5104	2679	1
3448	3079	4
1930	4137	12
102	578	12
4992	2294	0
3520	1564	4
2898	2621	12
4119	2611	1
3367	3962	6
45	3353	1
2142	2508	12
4147	360	12
854	4825	0
5259	425	0
417	3716	12
162	2679	1
2981	2679	1
358	5623	1
5008	746	1
5667	3424	4
4705	3611	12
5264	4137	12
2650	578	12
4453	3445	1
112	746	1
4195	394	4
4224	4489	4
282	2508	12
3383	4137	12
3067	1953	4
3410	2294	0
5593	5623	1
180	3062	0
1201	5623	1
4185	2294	0
898	3611	12
1513	2555	12
5638	3353	1
4708	3039	4
1732	3445	1
4430	360	12
2662	2555	12
3807	4137	12
2315	5700	1
4107	4414	1
4813	4862	0
3938	675	4
1875	2909	0
2392	3445	1
2986	5194	4
3883	746	1
1946	5700	1
4260	2508	12
5372	297	0
2673	4808	1
2222	323	12
1542	248	4
2324	3062	0
783	3217	1
3804	4825	0
4546	2555	12
2737	2909	0
3877	2679	1
5516	4796	4
1794	2555	12
735	5479	4
1759	3445	1
1041	4808	1
5696	5495	12
3381	4935	4
5397	3432	12
577	3962	6
3586	578	12
5469	3611	12
3501	323	12
1109	3353	1
4584	3353	1
2833	4808	1
2822	4648	12
2552	4137	12
4510	360	12
61	578	12
1511	2621	12
5549	425	0
1778	323	12
3015	1498	4
1901	3376	4
4932	578	12
2182	2294	0
742	2679	1
2878	3353	1
1677	2294	0
2888	205	4
2991	2294	0
612	425	0
4306	5623	1
86	3103	1
3823	2611	1
4580	2621	12
1616	3432	12
5389	323	12
2252	425	0
368	297	0
1893	323	12
4959	3445	1
3923	2555	12
2208	5495	12
4623	360	12
2819	5495	12
1465	3103	1
317	3716	12
164	3353	1
1503	2480	1
5208	360	12
1062	2508	12
5228	5326	4
4193	2480	1
2805	3062	0
4582	425	0
685	3716	12
172	421	12
2493	2294	0
5067	3432	12
1640	2555	12
1770	297	0
3614	5495	12
332	4825	0
1590	578	12
5128	297	0
922	3445	1
3924	4808	1
3091	425	0
2948	923	12
3552	5623	1
993	2294	0
3312	323	12
2630	3716	12
3387	1241	4
2046	2294	0
622	746	1
5663	4414	1
2934	3062	0
4109	821	4
3822	425	0
4148	3062	0
2923	3062	0
1219	3445	1
819	425	0
5051	2909	0
2993	425	0
4591	746	1
3089	3432	12
4411	5623	1
2077	3062	0
2877	1171	12
2189	5700	1
1969	1418	4
2146	4137	12
2312	4137	12
1868	2909	0
3429	5310	4
3323	3920	4
4021	923	12
346	5623	1
2672	3432	12
5340	5623	1
3507	3716	12
4482	2480	1
3590	2555	12
2690	4137	12
4154	5015	4
353	4825	0
1161	425	0
3799	360	12
3675	2679	1
2204	2679	1
604	297	0
868	421	12
5402	2611	1
2378	3103	1
2703	323	12
5499	2480	1
3849	5623	1
5045	4137	12
1970	4825	0
5166	2611	1
637	3611	12
2862	3611	12
1191	2611	1
3546	3217	1
1611	3611	12
3133	3716	12
4569	5623	1
3591	2555	12
4716	248	4
1615	2611	1
4486	2277	4
3543	425	0
516	3611	12
4117	3445	1
3397	2229	4
4293	1388	4
5656	323	12
1852	893	12
439	3716	12
98	2679	1
2504	3445	1
1337	4283	4
4836	2480	1
5444	4825	0
4135	3916	4
4290	5534	4
3415	3103	1
2978	4893	4
243	4229	4
4315	1811	12
4833	3716	12
1497	2294	0
3952	3611	12
1586	5700	1
2365	3445	1
128	3445	1
2982	4414	1
749	3062	0
1529	3217	1
2736	3548	4
794	746	1
4780	3232	12
2529	5118	12
182	323	12
19	2555	12
4760	5623	1
797	4808	1
805	4974	4
939	360	12
4601	425	0
344	5700	1
3712	3217	1
4059	2679	1
20	578	12
23	5541	4
3270	3103	1
3522	4414	1
1155	2909	0
4665	3298	4
4293	5495	12
2799	4825	0
1841	3611	12
1654	4137	12
3568	756	4
733	1833	4
3391	2679	1
4557	323	12
4635	297	0
1168	5479	4
1986	2294	0
4171	425	0
5106	2679	1
3347	297	0
1939	2002	4
2857	5700	1
1627	425	0
8	3062	0
3668	4808	1
2926	2376	4
409	4808	1
4603	2508	12
2190	3445	1
3516	2611	1
4614	4862	0
4470	2679	1
149	2480	1
4662	893	12
2059	323	12
1352	2480	1
2281	4414	1
4727	2679	1
4967	297	0
5197	297	0
289	746	1
1119	425	0
3617	2611	1
1282	3432	12
1942	360	12
1561	4137	12
1704	2679	1
5504	1180	4
2306	3445	1
2504	3898	4
4929	421	12
1963	425	0
3151	3962	6
5026	2555	12
5443	3432	12
2020	2909	0
4991	2555	12
1608	2508	12
4821	4137	12
5708	2480	1
3765	2508	12
1326	3079	4
3129	1389	4
3681	923	12
482	2555	12
3801	893	12
4611	3445	1
3832	4414	1
4885	2679	1
3	323	12
3652	2480	1
5292	4304	4
4523	2679	1
2953	360	12
2339	5495	12
1073	5700	1
4017	82	4
26	3432	12
3160	3962	6
1772	2004	4
3773	3179	4
280	3432	12
614	3445	1
2599	5623	1
5137	2611	1
3023	923	12
1486	4414	1
3179	4799	12
2605	3062	0
4707	3962	6
4257	4583	1
674	893	12
3316	2202	4
3641	2508	12
2827	3611	12
190	360	12
2417	297	0
4007	893	12
4595	3432	12
2995	4137	12
4408	425	0
5435	4862	0
679	360	12
43	2508	12
2156	3062	0
2888	3353	1
3664	4414	1
2295	360	12
4653	3962	6
2039	3217	1
4189	3716	12
42	2679	1
3803	2679	1
5164	1224	12
2222	5623	1
475	2611	1
889	3062	0
4767	3611	12
1111	323	12
3867	297	0
2440	323	12
1092	2555	12
2340	5151	4
615	2294	0
853	3217	1
5226	2679	1
1869	4414	1
180	2679	1
4349	3120	4
4979	923	12
2258	578	12
1109	3044	4
4560	3716	12
313	2621	12
2124	2480	1
5129	3432	12
3501	5623	1
2823	5700	1
1567	3062	0
3549	746	1
333	746	1
2430	2294	0
4326	578	12
105	425	0
2618	5310	4
4886	1953	4
4008	1789	4
1879	360	12
192	3445	1
504	3062	0
2858	5495	12
2144	3445	1
2324	2679	1
2271	3103	1
5207	4414	1
921	2508	12
5000	4414	1
4776	3103	1
529	3445	1
559	5700	1
5022	4825	0
5180	323	12
4907	3148	4
942	3611	12
2012	3103	1
1271	4283	4
1601	2255	4
1394	746	1
3043	2555	12
5586	578	12
165	3445	1
935	3445	1
91	2679	1
1893	5623	1
371	425	0
4746	3217	1
3201	2294	0
1041	3122	4
913	425	0
4850	2480	1
3915	3353	1
4302	2480	1
959	1625	4
4249	4583	1
5141	297	0
3987	3445	1
170	2621	12
5498	4414	1
1960	3780	4
1139	3309	4
2722	3103	1
5089	4137	12
427	2480	1
1647	2611	1
3833	4137	12
4287	3611	12
987	2621	12
5183	578	12
4984	297	0
1069	3117	12
2355	1055	4
3312	5623	1
1384	323	12
553	2909	0
312	421	12
3548	5468	12
4518	1304	4
3689	2294	0
652	4414	1
3156	4137	12
994	5454	4
4784	2621	12
5485	2294	0
3070	323	12
82	4242	12
5471	4862	0
2518	421	12
1873	2555	12
400	2822	4
4328	893	12
2471	4137	12
3966	4825	0
4877	4862	0
902	2294	0
1860	2591	4
3612	421	12
5542	893	12
2861	3266	4
5031	2555	12
314	2909	0
198	1420	4
2377	2294	0
3018	4657	4
4213	2611	1
351	3062	0
2510	3445	1
574	2294	0
520	3353	1
1302	3611	12
4219	5151	4
849	2621	12
3214	3217	1
4883	425	0
3718	1304	4
3385	3353	1
2934	2679	1
2703	5623	1
3728	923	12
4148	2679	1
2923	2679	1
2472	3611	12
3284	4583	1
4018	360	12
433	4137	12
794	1614	4
3937	2611	1
1937	3103	1
2108	3274	4
2077	2679	1
4044	893	12
5525	3432	12
2689	5700	1
295	2555	12
4816	3489	4
3747	3062	0
4775	297	0
3896	1425	12
254	923	12
1515	3103	1
2230	2679	1
2947	2611	1
188	5326	4
231	5143	4
4276	2611	1
800	3962	6
1826	3432	12
3765	5075	4
2819	2480	1
460	2508	12
376	4825	0
1840	3445	1
1471	3445	1
140	1388	4
4729	5495	12
4019	421	12
3774	2611	1
5261	3217	1
625	4825	0
4508	799	4
440	4808	1
899	5495	12
4887	578	12
2458	923	12
595	4395	4
3279	3103	1
3111	746	1
786	3353	1
2171	421	12
4451	5700	1
3265	3445	1
2243	5289	4
3587	2480	1
5607	2582	4
4610	4862	0
339	360	12
1648	4825	0
3967	2480	1
5238	3962	6
3900	2621	12
3000	323	12
5421	5623	1
5331	323	12
3351	2611	1
1260	5495	12
1790	2294	0
1160	2294	0
906	4283	4
3294	3353	1
155	2555	12
3842	5700	1
815	893	12
4937	360	12
2043	5700	1
1066	746	1
4355	3611	12
1290	4583	1
4626	2555	12
3107	425	0
3096	3611	12
2066	5623	1
1357	3445	1
1755	2218	4
3835	2611	1
1146	323	12
5432	2909	0
310	3062	0
881	3062	0
3319	3062	0
1896	5495	12
4673	323	12
2894	923	12
5481	2480	1
5270	3511	12
3	5623	1
2385	3062	0
3551	3225	4
4397	360	12
1463	2679	1
1081	1389	4
1710	3716	12
4345	5495	12
4897	421	12
2585	3288	4
4544	893	12
2485	4808	1
600	5623	1
5579	2480	1
1409	746	1
2966	2555	12
4082	4137	12
2317	2508	12
292	2909	0
1854	746	1
5292	4414	1
4071	4137	12
3737	5495	12
3404	5164	4
5037	697	4
3304	4414	1
730	323	12
54	3217	1
461	1833	4
2523	893	12
3257	425	0
3113	425	0
4293	2480	1
3424	528	12
17	923	12
5626	3445	1
33	3062	0
471	5495	12
4671	4137	12
4303	2591	4
2126	2367	4
2110	2795	4
2780	4583	1
3523	893	12
5588	1057	4
1725	425	0
980	3445	1
3461	1420	4
1614	4819	12
1076	3445	1
5328	5495	12
5222	3103	1
3378	3916	4
1111	5623	1
2131	3103	1
3514	2508	12
3781	3103	1
374	3559	4
3226	578	12
187	2555	12
1349	3962	6
1568	2621	12
2663	360	12
2308	2555	12
457	2909	0
2083	2508	12
304	923	12
2735	1423	12
1584	2621	12
5417	746	1
2418	923	12
2945	4414	1
427	394	4
1593	2480	1
4954	2508	12
1504	5700	1
5531	2611	1
5008	714	4
787	3062	0
3976	4583	1
3467	2480	1
809	4137	12
889	2679	1
1395	3062	0
5011	3962	6
241	2909	0
2384	4862	0
1261	578	12
401	2679	1
852	425	0
2853	578	12
4280	4808	1
478	2555	12
3513	2294	0
3913	2294	0
2008	746	1
3790	2621	12
239	4825	0
3033	4137	12
4981	923	12
1567	2679	1
1808	3611	12
431	2555	12
3810	746	1
4312	3611	12
1320	2294	0
4437	4414	1
2940	2294	0
1036	2294	0
1809	4583	1
137	3445	1
185	2294	0
4551	3445	1
5283	4414	1
792	4862	0
859	2294	0
3753	4414	1
3659	893	12
3153	3611	12
2656	5623	1
77	3716	12
5380	3062	0
3893	3962	6
3777	323	12
5693	2611	1
130	923	12
4353	3217	1
1182	323	12
3580	2480	1
4910	4808	1
3743	2621	12
1738	746	1
2340	3103	1
3545	2294	0
2713	2004	4
1323	2621	12
5481	2052	4
3544	746	1
1730	5495	12
4898	2621	12
1900	3541	4
324	2555	12
1726	3611	12
1103	3445	1
3759	3962	6
5062	360	12
4740	3353	1
3677	323	12
149	2717	4
4369	360	12
3400	4363	4
2474	2294	0
778	421	12
1384	5623	1
3884	3062	0
2930	2508	12
4034	3062	0
1131	3445	1
4815	3062	0
2475	5700	1
965	4137	12
4715	360	12
3465	323	12
3070	5623	1
4606	4137	12
1579	2615	4
3527	578	12
1545	2909	0
5651	746	1
2784	4914	4
5081	2508	12
278	3962	6
2241	5623	1
1217	2555	12
118	3716	12
4638	2555	12
2664	3353	1
4107	893	12
2840	5623	1
1148	2555	12
1237	4297	4
548	2555	12
1686	5623	1
3827	297	0
1482	3611	12
2349	5530	4
1251	5700	1
5190	3445	1
1693	425	0
680	2611	1
1938	4862	0
1848	5164	4
2264	2909	0
3112	3062	0
2685	425	0
655	360	12
3114	2621	12
4045	3353	1
4586	3062	0
3161	923	12
2600	3445	1
4113	425	0
4501	2294	0
3178	3376	4
168	3611	12
3080	360	12
5116	4862	0
3798	923	12
177	2060	4
2191	746	1
1627	2611	1
351	2679	1
2256	425	0
2523	5530	4
838	3445	1
5618	2294	0
878	3062	0
2660	4796	4
136	3559	4
5095	4952	4
1692	1909	4
2989	756	4
4118	3445	1
5277	578	12
4961	5495	12
3623	3962	6
1038	3716	12
1769	297	0
3610	2909	0
3124	2591	4
1175	3215	4
660	3445	1
1797	2508	12
3747	2679	1
2383	4825	0
5646	425	0
171	2582	4
4772	2508	12
4462	425	0
1916	2508	12
2460	2294	0
3060	323	12
978	2294	0
1624	5700	1
3950	3062	0
4556	2611	1
3820	5223	4
2688	3062	0
2168	2508	12
4181	4825	0
1830	2621	12
995	2679	1
3726	3062	0
3499	425	0
364	2480	1
713	4781	4
3628	2611	1
4609	578	12
3753	236	4
4498	746	1
5520	3217	1
5663	893	12
1984	5700	1
523	5623	1
975	5623	1
998	5495	12
2330	2294	0
502	2621	12
5654	3611	12
3261	2611	1
456	3062	0
4024	578	12
2586	5700	1
982	3062	0
275	5700	1
4455	3445	1
5163	5289	4
2895	2611	1
3109	360	12
4744	323	12
3026	425	0
1155	421	12
2362	5495	12
691	3103	1
4673	5623	1
2514	3217	1
3137	3962	6
4267	3353	1
803	4862	0
4721	1702	4
5446	4909	4
76	3353	1
3235	2555	12
4097	3062	0
2792	425	0
152	3488	4
5066	323	12
3455	323	12
3744	5623	1
5659	2621	12
1670	3716	12
2231	3062	0
1549	2508	12
844	2621	12
5198	4583	1
3411	421	12
4403	2480	1
5088	2611	1
4103	3215	4
4598	297	0
909	425	0
3088	1915	4
4666	4414	1
4695	2877	4
2475	71	4
1180	1280	12
4566	4414	1
3679	323	12
1237	2508	12
274	5495	12
3439	746	1
2935	2822	4
310	2679	1
1701	5623	1
4280	49	4
4695	3353	1
5203	3217	1
3319	2679	1
2669	2294	0
4301	1785	4
1653	297	0
5549	4137	12
2638	2679	1
3158	5495	12
3949	3716	12
5241	3062	0
3567	4137	12
1850	4137	12
1235	3353	1
3126	2294	0
4585	425	0
4434	3716	12
2385	2679	1
2547	1446	4
612	4137	12
701	2480	1
4321	2611	1
1102	5541	4
2325	2621	12
4442	4952	4
2788	3103	1
4136	3353	1
2982	893	12
2017	2294	0
4706	2555	12
1354	2508	12
2568	3716	12
2349	746	1
5529	4808	1
5472	5317	4
5372	3432	12
4832	4583	1
1689	297	0
2959	297	0
252	2611	1
1260	2480	1
3384	323	12
636	421	12
1727	3432	12
4070	5332	4
3522	893	12
4416	421	12
2828	746	1
2668	923	12
5594	3962	6
5391	2679	1
2065	746	1
2967	2480	1
3091	4137	12
885	360	12
834	2294	0
3171	4808	1
5426	3103	1
1089	3962	6
3954	117	4
366	2611	1
5635	3103	1
3671	3445	1
4875	578	12
3822	4137	12
5123	3445	1
894	578	12
819	4137	12
2274	3062	0
5383	4825	0
2281	893	12
1536	4583	1
223	5567	4
1658	5041	12
1660	2480	1
4032	425	0
4628	3217	1
4866	4808	1
727	3044	4
3529	2508	12
5464	4414	1
3030	3962	6
3777	5623	1
2374	425	0
1182	5623	1
3307	3445	1
3021	3625	4
5042	5541	4
5350	4808	1
4881	3353	1
1395	2679	1
3123	360	12
3326	2202	4
3035	4137	12
3832	893	12
1343	2621	12
4645	3716	12
5475	3780	4
1084	4583	1
688	4808	1
3871	323	12
5381	2909	0
3094	923	12
5312	708	12
3442	4862	0
5380	2679	1
2616	2508	12
1486	893	12
3406	3432	12
2243	5700	1
5390	5700	1
4356	4415	4
1268	5623	1
3886	2611	1
1695	3611	12
2124	5068	4
3889	3217	1
788	893	12
537	421	12
2956	578	12
2657	5332	4
1433	3062	0
340	3353	1
423	4414	1
5122	578	12
156	323	12
326	3716	12
4454	2679	1
1846	4862	0
1454	360	12
5563	2621	12
1150	3062	0
5330	3611	12
3957	5495	12
1294	4862	0
2356	297	0
238	3611	12
4976	297	0
4140	303	4
4868	5623	1
3664	893	12
4098	2611	1
4001	297	0
1607	663	4
3884	2679	1
2331	323	12
4601	4137	12
4034	2679	1
5194	2028	12
5360	425	0
3341	486	4
4815	2679	1
728	2294	0
2519	2294	0
1185	323	12
3061	5623	1
4703	3019	4
1560	5623	1
5684	578	12
4899	3217	1
1062	4407	4
1450	2487	4
3631	3611	12
4171	4137	12
4613	4583	1
2977	3120	4
3942	2294	0
936	2679	1
4806	1264	4
1486	1833	4
2317	5312	4
2250	2294	0
4856	3611	12
5201	3445	1
4689	425	0
235	4583	1
4558	2611	1
5000	893	12
3112	2679	1
489	2909	0
3918	323	12
2543	3611	12
1119	4137	12
4586	2679	1
2979	421	12
3036	5623	1
1706	3217	1
4100	1558	4
4030	4808	1
1580	4137	12
667	2909	0
4492	671	4
76	5559	4
4968	2508	12
1963	4137	12
3051	5495	12
4351	2294	0
2121	4583	1
3196	4808	1
3296	4915	4
1106	2294	0
5042	3716	12
5240	4294	12
2343	893	12
2826	2909	0
3085	2004	4
2321	2621	12
4700	2480	1
1890	3079	4
1597	4808	1
592	5700	1
4866	1684	4
132	2508	12
3682	425	0
3539	4414	1
2779	2679	1
1174	323	12
1555	1953	4
4379	671	4
5498	893	12
1620	4862	0
1781	2679	1
74	2909	0
1961	5700	1
1480	2294	0
1067	323	12
4549	297	0
5265	4137	12
997	2909	0
2142	3920	4
3841	2480	1
2098	2960	4
3880	3559	4
1249	2909	0
3266	2771	12
3133	776	4
4564	675	4
862	3432	12
1530	2909	0
160	3353	1
3550	3432	12
930	2572	4
4344	5495	12
4166	3611	12
1204	2681	4
652	893	12
683	2611	1
4196	2611	1
3950	2679	1
544	4137	12
3368	5495	12
4757	2294	0
496	3611	12
1253	746	1
481	323	12
5113	2679	1
3901	2621	12
539	3716	12
4744	5623	1
1808	4871	4
3726	2679	1
2465	5700	1
1269	3445	1
5631	297	0
2483	297	0
4410	3716	12
5214	4414	1
3451	3445	1
5686	5495	12
566	3611	12
3345	2548	4
227	2611	1
4980	323	12
3616	297	0
3455	5623	1
424	3432	12
1100	2717	4
279	2555	12
259	5623	1
1804	89	4
5546	1436	4
1247	2621	12
4973	4862	0
3290	5495	12
3539	1304	4
5460	5623	1
1684	228	12
456	2679	1
1178	2277	4
5196	3179	4
1333	3062	0
105	4137	12
3679	5623	1
3673	4105	4
2608	2909	0
768	3611	12
2808	323	12
2053	4414	1
5266	5700	1
4710	746	1
810	2508	12
4275	5700	1
2914	2621	12
2231	2679	1
3408	5623	1
5260	2679	1
3272	3062	0
3355	3019	4
5512	4083	4
5230	4808	1
1228	578	12
5024	4935	4
5096	2611	1
840	5495	12
2249	3445	1
2407	2555	12
446	2621	12
5013	4862	0
3388	5623	1
28	360	12
4152	3830	4
3384	5623	1
3452	5623	1
462	2294	0
5241	2679	1
355	4137	12
1390	3445	1
1461	3896	4
1633	2611	1
4892	5301	4
1030	3445	1
2901	436	4
1509	4862	0
5470	3445	1
4061	2909	0
172	3217	1
269	3962	6
4886	923	12
5339	3611	12
3493	2480	1
2598	2909	0
3074	2611	1
5295	3716	12
4345	572	4
3672	3611	12
877	3553	4
3324	4583	1
1039	248	4
3878	2508	12
1196	323	12
1064	3432	12
2842	2294	0
3329	323	12
5308	3716	12
4578	3445	1
4472	3445	1
2527	3470	4
865	3353	1
710	4843	4
3220	323	12
4392	3716	12
1916	5110	4
2339	2591	4
4963	2294	0
2839	2294	0
2414	2508	12
587	3716	12
4153	827	4
4255	2555	12
1316	3353	1
2323	5495	12
218	893	12
4258	923	12
2706	2508	12
2538	5495	12
2851	2909	0
2351	2294	0
274	2480	1
3450	4825	0
1588	425	0
2003	2294	0
319	3445	1
1444	2508	12
2397	2555	12
1965	5700	1
1453	323	12
1858	3217	1
469	2621	12
735	5700	1
5400	2555	12
3722	4137	12
739	2611	1
3948	120	4
519	663	4
1257	3716	12
3097	297	0
4176	2555	12
868	3217	1
444	2294	0
2274	2679	1
2583	746	1
534	2294	0
1013	3962	6
2016	746	1
67	5623	1
2100	4414	1
3871	5623	1
4575	3211	4
3997	248	4
1718	4862	0
5204	2294	0
265	3103	1
2743	2555	12
5276	5536	4
5185	4315	4
5058	5700	1
1667	360	12
3474	923	12
5292	893	12
557	3432	12
961	923	12
4536	4808	1
3304	893	12
1311	756	4
2537	5495	12
4768	2621	12
4308	421	12
342	5442	4
369	421	12
3805	5068	4
2697	297	0
291	3353	1
4080	425	0
948	323	12
1184	2611	1
5706	4137	12
1065	2611	1
938	3489	4
1421	4583	1
4810	3217	1
2063	360	12
4237	425	0
1976	425	0
3757	4137	12
4384	2294	0
920	2294	0
2585	923	12
1457	3716	12
126	4808	1
1433	2679	1
5593	323	12
5342	2508	12
2078	3445	1
1583	425	0
1150	2679	1
467	3432	12
977	556	4
1768	3611	12
1987	746	1
10	3432	12
65	1917	4
433	425	0
2767	4825	0
5055	3432	12
2945	893	12
3576	2611	1
5021	2057	4
959	746	1
4103	746	1
1221	4414	1
3573	1558	4
3918	5623	1
2997	2909	0
1522	4137	12
4021	1702	4
4043	2508	12
1538	323	12
5131	578	12
5433	2555	12
5030	2611	1
3593	303	4
2910	2621	12
4037	421	12
1643	425	0
2286	3962	6
5297	4414	1
5297	2735	4
1467	2516	4
901	323	12
3158	4530	4
4437	893	12
2918	360	12
3788	3103	1
4357	5700	1
4929	3217	1
3753	893	12
3528	421	12
363	2621	12
47	323	12
1112	3445	1
835	3445	1
771	106	4
1174	5623	1
4233	2611	1
673	923	12
64	1614	4
4133	2508	12
4054	3044	4
4761	4137	12
3032	3445	1
4940	297	0
879	3062	0
392	425	0
3736	5677	4
1337	923	12
5608	3611	12
4986	360	12
1322	3432	12
2346	4137	12
2161	3962	6
5616	3103	1
141	2294	0
345	2555	12
1542	360	12
5424	4862	0
4074	4137	12
1380	425	0
2754	2621	12
754	5326	4
4018	1466	4
2639	746	1
4697	4952	4
181	2611	1
4238	421	12
3257	4137	12
342	2508	12
3113	4137	12
337	2294	0
2561	5623	1
3155	3716	12
481	5623	1
1491	2004	4
3756	323	12
3972	360	12
5374	4808	1
4497	2369	4
109	1915	4
1520	2611	1
2904	2294	0
1725	4137	12
4160	2611	1
4658	297	0
2770	3432	12
1484	4583	1
3552	323	12
452	2467	4
5272	3445	1
3397	5495	12
3808	3353	1
4000	3432	12
630	3103	1
4138	5623	1
5441	3962	6
2204	3062	0
4132	2480	1
2247	923	12
1368	2621	12
3366	2508	12
2220	120	4
1356	2909	0
2554	297	0
5034	3103	1
3698	4825	0
5034	1220	4
432	323	12
4487	3217	1
788	4771	4
4859	2611	1
3447	3716	12
4411	323	12
2775	2611	1
1745	4415	4
4749	3062	0
1188	2487	4
2749	2480	1
5306	425	0
2808	5623	1
4508	923	12
5195	3524	4
2337	323	12
5340	323	12
5125	5289	4
4800	425	0
2893	2611	1
4469	3217	1
3047	2318	4
4198	2621	12
7	323	12
1256	5700	1
5094	5143	4
1272	421	12
852	4137	12
1713	4407	4
1954	2960	4
68	2555	12
4495	2679	1
3762	425	0
4596	578	12
4298	82	4
3135	5495	12
4445	5623	1
2873	5623	1
491	3611	12
111	4862	0
1419	3353	1
4497	5495	12
1333	2679	1
5257	297	0
1630	2555	12
1851	4808	1
199	425	0
4229	772	12
1882	2480	1
4797	3217	1
66	1180	4
62	2508	12
3570	425	0
3313	3445	1
3994	297	0
1555	3716	12
2117	1947	4
3072	2294	0
5073	3611	12
5612	2294	0
1393	2909	0
191	2611	1
5085	3445	1
509	2679	1
1518	2679	1
3645	5495	12
1417	2909	0
1206	3445	1
3022	2555	12
2062	297	0
850	3062	0
2021	3001	4
3309	3640	12
2282	425	0
518	4808	1
5482	2621	12
2574	4583	1
3961	5700	1
3978	2679	1
5294	5495	12
3272	2679	1
3577	4915	4
4724	2555	12
3490	3432	12
2674	2294	0
1655	3445	1
4760	323	12
1338	2909	0
4003	5164	4
4687	3217	1
256	3611	12
4232	2294	0
5686	2480	1
312	3217	1
1754	4530	4
1663	2369	4
5523	2621	12
3417	4583	1
2350	297	0
944	421	12
5341	746	1
3456	746	1
3814	3445	1
4860	360	12
2518	3217	1
2353	3611	12
2088	4583	1
953	3866	4
722	893	12
2522	2621	12
4785	5700	1
2774	425	0
3612	3217	1
763	2480	1
4566	4535	4
747	2621	12
3177	2480	1
3917	3611	12
1094	1220	4
3119	3062	0
941	3432	12
1557	2621	12
69	746	1
699	3611	12
1453	5623	1
2841	5700	1
4887	746	1
1097	3716	12
2685	4137	12
1319	4825	0
4523	3062	0
2550	2294	0
4089	2298	4
710	3716	12
3951	3062	0
2193	323	12
1823	5111	4
4113	4137	12
590	2555	12
4278	746	1
3709	2611	1
5419	746	1
3669	297	0
3720	297	0
3990	425	0
1698	3062	0
5480	323	12
3328	4825	0
5269	1264	4
2256	4137	12
545	425	0
2814	425	0
2687	5700	1
1289	3217	1
4476	578	12
331	4862	0
4750	2057	4
3315	746	1
4971	2508	12
1898	323	12
4309	4808	1
1842	3062	0
5605	1420	4
5189	4137	12
3401	5623	1
451	923	12
1307	2909	0
4440	3962	6
666	3962	6
1924	2909	0
380	5623	1
5563	3962	6
4019	3217	1
316	2621	12
1252	297	0
2599	323	12
684	425	0
948	5623	1
1147	5700	1
42	3062	0
5652	297	0
3803	3062	0
4005	479	4
4739	4414	1
3863	3445	1
5646	4137	12
1115	3611	12
2171	3217	1
4892	360	12
1448	5623	1
1540	1758	4
3305	923	12
5193	3611	12
114	923	12
5130	360	12
3023	2822	4
5182	2621	12
1977	2555	12
470	297	0
3189	4414	1
3983	5700	1
2344	2679	1
2199	425	0
5296	421	12
5054	418	4
5474	3445	1
3561	4771	4
2526	323	12
1788	4414	1
150	3298	4
2744	2555	12
3572	3611	12
5335	2909	0
997	421	12
1284	3962	6
5248	421	12
2676	5700	1
4248	3716	12
4473	4808	1
3817	893	12
5054	360	12
3096	4825	0
5356	5495	12
5570	3432	12
4807	2508	12
2114	2717	4
4713	2909	0
1538	5623	1
1317	120	4
1949	3445	1
4718	4825	0
3188	5495	12
2841	4723	4
5145	3962	6
2172	2960	4
4038	3432	12
901	5623	1
3026	4137	12
91	3062	0
83	425	0
2797	3445	1
5056	425	0
2777	5623	1
4107	1313	4
3635	3353	1
5464	893	12
47	5623	1
5666	3062	0
2573	2679	1
1764	3611	12
3752	4825	0
4726	5623	1
5367	1418	4
5092	923	12
874	4825	0
909	4137	12
5599	3445	1
4087	421	12
3761	360	12
1026	360	12
2398	4862	0
44	2909	0
2081	3611	12
2742	581	4
5491	2555	12
4897	3217	1
2500	2611	1
3773	360	12
1193	2621	12
2176	3962	6
1720	2621	12
1951	5495	12
2013	2909	0
1948	2611	1
1734	360	12
5229	2611	1
463	2508	12
3482	2909	0
1197	2679	1
4509	2294	0
669	3353	1
4585	4137	12
174	3062	0
2998	4808	1
2520	1843	4
423	893	12
5226	3062	0
4674	3103	1
4795	746	1
3642	425	0
1724	923	12
3756	5623	1
5109	3633	12
879	2679	1
1550	3445	1
239	3445	1
709	3909	4
3195	2480	1
5144	2621	12
2290	578	12
4047	3611	12
658	3445	1
2142	3103	1
1243	3962	6
3723	3353	1
5667	893	12
4948	1264	4
4620	2621	12
2534	5623	1
580	1042	4
3014	2508	12
5664	2294	0
1249	421	12
1655	5332	4
4069	2294	0
2497	1956	4
4120	3062	0
866	5700	1
432	5623	1
4158	4808	1
4475	893	12
2652	2611	1
565	3445	1
282	3103	1
5149	4825	0
5136	4283	4
1834	323	12
4009	2621	12
999	4808	1
1000	5075	4
4565	425	0
2781	3445	1
5018	2555	12
2230	3062	0
7	5623	1
430	4808	1
403	120	4
3681	3541	4
5639	1917	4
3986	3716	12
3017	5623	1
4828	3062	0
5140	297	0
1544	1446	4
3430	2294	0
775	4137	12
3035	425	0
1995	436	4
5307	2052	4
3934	3445	1
1829	4414	1
4996	2194	4
5547	4583	1
1465	5143	4
1440	4414	1
4032	4137	12
4749	2679	1
1152	5623	1
583	4642	4
18	2679	1
1642	3353	1
2374	4137	12
5187	3962	6
1774	297	0
2983	5623	1
2710	323	12
2853	2426	4
3933	746	1
3539	893	12
4492	5495	12
3352	360	12
4723	4464	12
4903	3611	12
829	2909	0
4714	205	4
57	323	12
1510	4808	1
2694	5495	12
2278	3611	12
2899	4811	4
1636	2555	12
4921	4862	0
674	71	4
3127	2294	0
736	3611	12
5614	2294	0
2762	479	4
5063	3716	12
3687	3353	1
328	5442	4
3697	3611	12
4738	3274	4
960	3353	1
850	2679	1
1618	2711	4
2167	2611	1
1353	5495	12
4046	3031	4
46	4137	12
3458	2615	4
2856	1446	4
5097	4825	0
5155	3962	6
5421	323	12
4328	3266	4
3293	2611	1
2211	4137	12
5214	893	12
5277	746	1
374	3353	1
2598	421	12
2341	2621	12
3145	578	12
4756	4414	1
231	3353	1
3049	5495	12
2951	1843	4
4873	4583	1
1351	3062	0
4205	2582	4
1463	3062	0
2193	5623	1
3399	3103	1
2918	4804	4
5480	5623	1
1603	5623	1
932	323	12
195	2611	1
5081	3288	4
2448	3611	12
3119	2679	1
442	323	12
1288	4862	0
2419	2508	12
4689	4137	12
4588	4067	4
4933	297	0
3979	578	12
3042	5495	12
2288	2555	12
3771	746	1
1898	5623	1
3252	4137	12
2215	323	12
3492	3445	1
4055	3432	12
3951	2679	1
1501	2508	12
90	746	1
5497	3470	4
1691	323	12
3180	3103	1
4657	806	12
3330	2621	12
5265	425	0
600	323	12
4217	2611	1
4347	2294	0
1698	2679	1
630	5326	4
5465	323	12
789	5164	4
5554	3962	6
5701	4825	0
1902	2621	12
3778	2480	1
308	3157	4
1211	3445	1
3682	4137	12
5280	1843	4
1318	2508	12
1350	3716	12
1842	2679	1
544	425	0
4434	821	4
2207	323	12
1387	3432	12
1993	2611	1
2972	5700	1
4318	5495	12
2091	4330	12
1099	3716	12
2526	5623	1
1920	323	12
1991	3445	1
5274	1761	4
2036	4862	0
3131	2294	0
4561	421	12
3345	2508	12
401	3062	0
811	5495	12
5654	4825	0
991	3716	12
4806	3445	1
5627	2294	0
3021	4808	1
3058	3103	1
4478	3445	1
5620	297	0
3715	746	1
1816	2294	0
4332	5623	1
4272	893	12
831	2611	1
2069	893	12
4256	2621	12
1494	2555	12
5691	3335	4
325	5495	12
3624	2480	1
4948	3716	12
1580	425	0
3192	3716	12
1634	3962	6
1651	5623	1
3760	893	12
4970	3962	6
1979	578	12
4346	2529	4
4603	3103	1
3428	3611	12
4951	4137	12
5524	2294	0
339	1220	4
5538	297	0
5186	2621	12
139	4414	1
3904	2611	1
4065	4583	1
2253	756	4
3636	3103	1
3045	3445	1
990	360	12
3109	4124	4
2758	5623	1
4788	3432	12
5666	2679	1
4046	4808	1
4266	421	12
4483	2294	0
3197	2909	0
3241	3962	6
5202	5495	12
2153	323	12
3398	297	0
508	5623	1
3168	1420	4
2562	746	1
4043	2750	4
1292	3611	12
1910	923	12
4681	2194	4
3120	5336	12
2990	5700	1
5564	3716	12
34	3031	4
4236	746	1
3485	4414	1
4456	425	0
224	5495	12
4433	3062	0
636	3217	1
1450	3611	12
2082	323	12
836	3062	0
174	2679	1
4709	4137	12
3248	578	12
5685	2611	1
268	3611	12
1870	3353	1
1370	5495	12
2241	323	12
5689	421	12
958	3909	4
2083	4012	4
3188	2480	1
356	4862	0
1681	5700	1
1834	5623	1
1470	4825	0
2225	2611	1
4753	2294	0
1002	4825	0
2950	3776	4
4783	5623	1
1221	893	12
3098	4862	0
1005	5495	12
3149	4781	4
4407	3206	12
1532	4414	1
1676	3611	12
3722	425	0
5539	2480	1
1783	4871	4
5146	297	0
4120	2679	1
2000	4862	0
4251	4583	1
2586	1956	4
134	425	0
406	2611	1
4964	3217	1
660	1406	4
4719	5317	4
3223	323	12
5707	2480	1
3422	4530	4
1588	4137	12
4252	4808	1
2570	1264	4
4524	3962	6
2187	2679	1
2710	5623	1
2591	1897	12
808	3103	1
646	4825	0
3732	2611	1
2801	746	1
320	3611	12
2465	814	4
1679	4862	0
1315	421	12
724	4137	12
5624	3611	12
4828	2679	1
4100	3716	12
5406	425	0
2609	5623	1
355	425	0
5514	2611	1
1475	3062	0
4224	360	12
57	5623	1
2625	323	12
4460	2909	0
3919	578	12
815	3851	4
2965	3353	1
6	2294	0
3658	923	12
554	2611	1
5501	2508	12
3907	3445	1
5684	746	1
4470	2555	12
1975	923	12
3991	2621	12
2936	3548	4
5706	425	0
2747	2555	12
2441	3716	12
5439	5700	1
2971	2508	12
1598	2555	12
2833	5270	4
1261	1388	4
2575	2909	0
1638	3716	12
812	425	0
537	3217	1
4600	4825	0
3638	360	12
833	2679	1
2311	746	1
3311	2555	12
5221	3611	12
3847	3062	0
1393	421	12
230	2555	12
27	3611	12
2289	4414	1
2233	2621	12
1417	421	12
3282	3445	1
1607	360	12
4024	1466	4
4292	2480	1
4602	3432	12
2434	4935	4
2549	4583	1
701	4123	4
372	421	12
5483	3716	12
1386	5495	12
4237	4137	12
1976	4137	12
3338	323	12
244	323	12
1325	2621	12
4896	4808	1
523	323	12
4245	5700	1
3589	5495	12
846	2611	1
975	323	12
1773	421	12
2404	3044	4
3173	3524	4
3317	4825	0
2729	2480	1
1583	4137	12
1060	323	12
4743	578	12
4904	297	0
3764	3611	12
56	4414	1
2299	2091	4
3651	2508	12
1696	5111	4
503	2487	4
3745	3103	1
3047	4414	1
3650	1121	4
932	5623	1
664	3611	12
4542	4862	0
3011	5623	1
3531	3611	12
442	5623	1
949	3217	1
2638	3062	0
1266	3062	0
5458	421	12
2885	5623	1
2931	3445	1
1573	2909	0
2296	2555	12
3744	323	12
2975	3611	12
3667	4862	0
1351	2679	1
1578	4825	0
4773	1614	4
4917	746	1
3462	3432	12
4588	578	12
1958	3062	0
1643	4137	12
4192	2611	1
5465	5623	1
2272	3445	1
995	3062	0
3855	2611	1
5048	3432	12
316	3962	6
1701	323	12
4461	5109	4
3496	3611	12
249	323	12
977	3353	1
1921	3896	4
2847	923	12
1572	2611	1
2590	3611	12
3104	425	0
2135	1245	4
5671	4808	1
1676	4315	4
5284	3445	1
2513	3445	1
3757	425	0
5119	1789	4
2207	5623	1
392	4137	12
3128	4583	1
550	425	0
2618	4808	1
5182	3962	6
2293	421	12
3564	3445	1
