14
4	8	9	37	54	19	58	70	6	55
4	1	60
2	40	6	27	33	26	41	38	58	83	40	8	36	42	55	31	88	4	32	60	48	7	66	57	9	37	89	13	23	54	24	62	19	87	21	77	65	84	72	70	47	71
2	15	0	89	39	2	63	50	23	38	72	31	41	28	7	42	78
9	8	9	58	19	37	54	55	6	70
9	9	83	65	40	66	57	47	8	32	33
11	12	48	26	42	36	77	21	24	87	13	88	71	62
11	6	31	38	23	72	7	89
8	8	9	54	58	37	19	6	55	70
8	10	83	33	57	65	66	40	8	27	47	32
1	17	6	19	55	54	57	70	65	32	9	27	83	58	40	47	37	8	66
1	14	25	64	61	49	59	5	30	51	20	16	17	80	14	34
12	20	65	37	9	19	4	60	57	83	58	8	84	40	27	66	6	70	55	47	32	33
12	17	10	67	3	44	35	1	15	86	22	74	75	81	43	73	52	82	68
10	1	9
10	1	27
0	10	40	47	65	32	57	27	66	8	83	33
0	7	12	53	11	76	56	79	29
5	1	60
5	1	45
3	1	60
3	1	18
7	1	60
7	2	4	84
13	1	60
13	1	85
6	1	33
6	1	69
