13
4	8	74	44	40	4	68	78	43	79
4	1	8
2	37	74	5	63	27	44	8	6	35	40	34	39	31	36	83	45	68	43	11	4	47	9	64	84	15	24	10	25	57	78	22	82	21	71	79	66	32	65
2	13	49	66	2	0	28	84	58	37	35	24	72	31	9
7	8	4	78	68	40	79	74	44	43
7	10	32	5	22	11	6	45	64	36	63	10
10	12	47	27	39	34	71	21	25	82	15	83	65	57
10	6	31	35	24	66	9	84
1	17	45	5	63	79	64	10	22	40	43	44	4	78	68	36	6	32	74
1	14	19	50	59	16	30	20	75	7	48	26	33	18	55	56
11	19	22	64	43	11	79	8	63	78	68	45	74	5	44	10	40	32	36	6	4
11	16	12	76	23	61	42	38	69	67	60	81	77	51	3	17	41	46
5	1	8
5	1	54
0	10	5	45	10	11	36	64	32	63	6	22
0	7	13	73	52	29	14	70	53
8	8	68	40	79	43	4	74	78	44
8	9	22	11	64	45	10	32	36	5	63
6	1	11
6	1	62
12	1	8
12	1	80
9	1	40
9	1	6
3	1	8
3	1	1
