14
1	17	80	53	76	33	69	68	37	5	14	64	34	66	81	12	44	1	39
1	14	31	16	50	56	35	60	27	19	55	79	47	7	18	20
2	40	76	81	5	28	64	34	80	66	57	14	38	12	39	36	41	32	37	88	33	6	23	46	8	89	15	24	53	26	58	44	87	22	69	75	84	70	1	68	48	67
2	15	40	0	59	3	49	8	48	70	89	29	24	38	41	77	32
11	12	46	28	41	36	75	22	26	87	15	88	67	58
11	6	32	38	24	70	8	89
12	21	44	53	57	34	68	66	1	14	84	64	23	39	12	76	81	80	69	5	6	33	37
12	18	72	82	62	10	43	45	4	17	73	25	63	42	51	61	86	9	83	71
0	10	39	76	5	44	34	23	14	80	53	12
0	7	13	11	78	52	30	74	54
5	1	6
5	1	21
3	1	6
3	1	2
7	1	6
7	2	84	57
8	8	1	66	68	33	69	64	37	81
8	10	12	14	23	39	53	34	80	5	76	44
9	8	33	69	66	1	68	64	37	81
9	9	53	34	14	23	39	80	76	5	44
4	7	68	64	1	81	66	69	37
4	1	6
6	1	23
6	1	65
10	1	1
10	1	12
13	1	6
13	1	85
