14
12	19	40	53	79	60	1	66	56	62	78	76	8	6	74	34	63	19	49	4	81
12	16	68	37	39	84	46	9	77	82	67	15	58	38	57	75	3	22
1	17	4	49	53	81	1	34	19	40	66	8	79	62	56	74	76	60	63
1	14	13	73	14	29	5	31	18	45	50	43	51	55	25	16
0	10	53	56	40	66	63	4	6	8	81	60
0	7	48	10	47	11	28	69	72
2	39	6	26	62	34	33	78	79	56	63	49	76	32	36	30	4	86	60	74	21	53	80	40	19	42	7	87	12	23	81	8	24	1	52	85	66	20	70	65	61
2	14	54	2	44	71	35	0	80	87	33	65	23	30	7	27
11	12	42	26	36	32	70	20	24	85	12	86	61	52
11	6	30	33	23	65	7	87
9	8	49	1	19	62	79	76	34	74
9	9	81	40	60	63	8	56	66	4	6
8	8	49	19	62	79	76	1	34	74
8	10	81	60	63	8	53	56	40	66	4	6
4	8	74	1	49	19	62	34	79	76
4	1	78
13	1	78
13	1	83
6	1	6
6	1	59
7	1	78
7	1	21
5	1	78
5	1	64
10	1	19
10	1	53
3	1	78
3	1	17
