14
12	21	36	3	45	66	7	83	11	20	43	5	71	64	33	68	25	48	22	69	23	80	12
12	18	81	52	41	60	8	73	72	51	24	89	42	16	61	82	2	44	65	85
2	40	22	68	83	29	48	78	36	69	38	11	64	37	40	34	87	23	25	66	80	45	33	46	43	6	88	13	26	5	20	27	57	86	21	75	7	70	71	3	12	63
2	15	0	70	6	1	34	58	39	49	30	26	88	21	78	76	38
1	16	7	69	43	66	68	45	12	64	20	33	83	11	5	36	22	25
1	13	35	19	4	14	50	15	17	59	28	55	32	79	56
11	12	46	29	40	37	75	21	27	86	13	87	63	57
11	6	34	38	26	70	6	88
3	1	80
3	1	18
0	10	68	83	12	36	25	33	48	11	66	45
0	7	9	53	77	10	74	31	54
4	8	7	43	64	22	5	69	20	23
4	1	80
8	8	43	64	69	5	20	23	7	22
8	10	11	66	45	25	68	33	12	83	36	48
7	1	80
7	2	3	71
5	1	80
5	1	67
9	8	64	20	23	69	7	22	5	43
9	9	66	68	33	12	83	36	25	48	11
6	1	48
6	1	62
10	1	69
10	1	45
13	1	80
13	1	84
