13
11	19	63	31	37	14	21	44	65	61	67	75	33	52	79	46	27	81	36	78	7
11	16	69	68	76	59	15	43	41	42	9	60	50	5	22	4	77	2
10	12	45	26	40	35	71	20	24	82	12	83	64	56
10	6	32	38	23	66	6	84
2	37	26	52	36	38	33	14	35	40	32	21	83	7	46	44	78	67	63	37	45	6	84	12	31	23	65	81	24	56	82	20	71	66	75	79	61	27	64
2	13	1	32	57	39	0	6	48	66	38	28	23	72	84
8	8	7	75	79	78	31	27	61	14
8	9	52	46	21	44	37	63	33	65	36
7	8	7	31	79	78	75	14	27	61
7	9	52	46	63	44	37	21	36	33	65
0	10	46	63	67	36	65	33	37	52	21	44
0	7	73	10	53	51	70	11	29
5	1	81
5	1	8
4	8	14	78	31	7	27	79	61	75
4	1	81
1	17	37	7	27	46	79	65	14	63	61	67	31	75	44	78	21	36	33
1	14	13	19	74	16	3	54	34	49	47	17	25	58	55	30
3	1	81
3	1	18
12	1	81
12	1	80
9	1	7
9	1	67
6	1	52
6	1	62
