13
2	40	22	64	29	79	8	37	43	23	19	42	45	34	41	88	5	30	38	84	57	48	6	52	4	89	12	26	73	27	9	62	87	20	49	77	21	72	36	24	51	69
2	15	44	1	54	0	72	31	63	26	4	34	78	42	51	43	89
1	17	19	57	84	8	30	73	49	79	6	41	21	23	9	22	38	5	64
1	14	60	33	13	39	18	61	53	65	28	16	55	3	81	15
12	21	19	24	21	49	48	73	37	6	79	9	64	41	38	57	36	5	8	84	23	22	30
12	18	14	40	75	50	67	83	35	74	47	25	86	46	7	70	66	82	56	2
11	12	52	29	45	42	77	20	27	87	12	88	69	62
11	6	34	43	26	72	4	89
0	10	19	22	21	41	84	5	57	38	48	64
0	7	76	11	10	80	58	59	32
3	1	37
3	1	17
8	8	30	6	9	79	49	23	8	73
8	10	38	41	64	57	22	19	21	5	84	48
6	1	48
6	1	68
4	8	23	8	30	6	73	79	9	49
4	1	37
9	8	30	9	6	73	79	49	23	8
9	9	41	57	64	84	22	19	21	48	5
5	1	37
5	1	71
7	1	37
7	2	36	24
13	1	37
13	1	85
