14
2	40	53	30	45	27	51	69	40	21	63	32	36	38	39	42	34	88	35	0	80	33	7	77	47	9	89	13	23	54	25	59	87	19	67	75	8	83	84	70	22	68
2	15	1	9	3	61	41	49	70	23	40	76	45	42	89	28	34
0	10	22	0	35	69	51	7	36	33	32	30
0	7	74	78	55	11	12	56	29
1	17	0	53	63	21	84	69	51	67	77	33	30	7	36	80	35	38	22
1	14	17	26	79	18	62	50	48	58	15	31	14	37	6	57
11	12	47	27	42	39	75	19	25	87	13	88	68	59
11	6	34	40	23	70	9	89
4	8	67	84	38	53	21	80	63	77
4	1	54
12	21	77	38	80	84	35	30	8	54	0	33	83	21	36	53	32	69	51	7	63	67	22
12	18	82	52	64	44	10	5	60	86	43	73	4	81	71	65	72	24	46	16
8	1	21
8	1	33
9	8	53	67	77	21	84	38	63	80
9	9	69	22	36	32	7	51	35	30	0
10	8	53	67	21	77	84	38	63	80
10	10	69	22	0	36	7	51	35	30	33	32
7	1	54
7	2	83	8
6	1	32
6	1	66
13	1	54
13	1	85
3	1	54
3	1	2
5	1	54
5	1	20
