14
2	40	42	78	29	44	8	41	7	37	3	19	38	45	33	40	88	4	26	64	5	50	9	67	55	84	89	15	25	34	27	60	14	61	87	23	72	77	73	11	69	71
2	15	33	43	62	1	52	25	0	44	50	79	89	9	73	41	30
1	17	40	19	11	78	14	55	69	34	60	37	72	64	3	84	7	8	5
1	14	51	58	35	18	16	59	32	81	63	28	20	53	22	6
12	21	64	19	84	55	4	78	14	34	69	5	72	67	40	37	3	8	7	42	11	26	60
12	18	86	17	75	83	36	46	82	24	10	54	74	48	49	47	2	66	65	39
3	1	67
3	1	21
11	12	50	29	45	38	77	23	27	87	15	88	71	61
11	6	33	41	25	73	9	89
4	8	8	37	40	5	55	72	11	34
4	1	67
0	10	69	78	19	64	3	84	42	14	7	60
0	7	56	57	76	80	13	12	31
7	1	67
7	2	4	26
5	1	67
5	1	70
9	8	11	5	55	37	8	40	34	72
9	9	60	84	14	3	64	19	69	7	42
8	8	11	5	55	37	8	40	34	72
8	10	60	84	14	3	64	19	69	7	42	78
10	1	8
10	1	78
6	1	42
6	1	68
13	1	67
13	1	85
