13
11	19	24	31	18	37	6	63	42	62	2	50	32	56	70	34	7	78	43	65	10
11	16	49	15	76	41	21	69	9	60	44	77	67	59	81	80	4	40
8	8	43	34	63	56	24	37	32	70
8	9	7	62	65	18	42	6	50	31	2
1	17	2	31	37	65	32	6	43	7	34	24	63	62	56	70	10	42	18
1	14	48	53	58	29	46	14	19	17	33	5	75	54	25	16
7	8	43	34	63	70	56	24	32	37
7	10	7	62	10	65	2	18	50	42	31	6
2	37	10	26	50	62	7	31	32	36	70	2	18	56	35	39	30	83	78	24	45	8	84	13	65	6	22	42	43	23	55	82	20	37	72	66	34	63	64
2	13	38	3	30	57	47	66	8	27	0	22	84	73	36
10	12	45	26	39	35	72	20	23	82	13	83	64	55
10	6	30	36	22	66	8	84
4	8	24	43	37	34	63	56	32	70
4	1	78
0	10	10	31	2	7	50	62	18	65	6	42
0	7	52	71	11	74	28	51	12
9	1	43
9	1	10
12	1	78
12	1	79
6	1	50
6	1	61
5	1	78
5	1	68
3	1	78
3	1	1
