13
7	8	79	60	58	69	63	61	28	54
7	10	20	40	38	2	49	62	78	6	65	64
11	19	20	2	65	79	28	78	61	54	6	63	38	64	75	60	40	62	69	58	49
11	16	56	8	68	4	44	76	67	35	77	34	45	36	14	81	18	55
2	37	62	23	2	49	75	63	58	31	60	78	20	6	30	33	27	83	64	38	28	39	7	65	84	11	79	19	21	51	82	17	71	40	66	61	69	54	59
2	13	52	3	72	42	27	19	0	32	84	66	24	31	7
4	8	28	60	61	69	58	54	63	79
4	1	75
10	12	39	23	33	30	71	17	21	82	11	83	59	51
10	6	27	31	19	66	7	84
1	17	69	60	58	62	2	54	79	78	65	49	38	40	64	6	61	63	28
1	14	74	41	29	15	26	53	16	12	43	13	48	22	50	5
0	10	38	40	64	62	49	20	65	6	78	2
0	7	47	70	10	73	46	25	9
8	8	79	58	54	69	63	60	61	28
8	9	62	2	64	49	78	40	6	20	65
3	1	75
3	1	1
5	1	75
5	1	37
6	1	20
6	1	57
12	1	75
12	1	80
9	1	79
9	1	38
