14
2	42	91	26	10	59	27	38	71	24	8	69	35	75	41	33	36	40	18	90	44	30	63	82	46	6	92	55	13	22	23	60	32	89	20	78	37	72	56	67	4	48	70	53
2	16	61	2	0	48	28	39	8	49	22	92	72	79	6	38	33	89
8	8	36	55	63	67	71	44	10	4
8	10	40	75	24	27	37	91	32	30	82	56
12	22	82	71	55	32	4	37	44	40	91	59	53	69	67	56	18	36	63	10	27	30	75	24
12	19	15	64	43	74	45	73	85	7	65	84	80	51	66	76	86	3	21	42	88
1	16	63	36	24	30	82	44	71	67	91	32	37	4	75	40	27	55
1	13	19	58	17	31	57	25	34	5	50	47	14	16	62
11	12	46	26	41	35	78	20	23	13	89	90	70	60
11	6	33	38	22	72	6	92
7	1	69
7	3	53	59	18
0	10	91	75	40	32	24	56	37	82	27	30
0	7	52	11	9	81	29	77	54
9	8	67	55	63	36	4	71	44	10
9	9	37	75	24	40	82	91	32	30	56
4	8	67	4	36	10	63	71	55	44
4	1	69
13	1	69
13	1	87
6	1	56
6	1	68
5	1	69
5	1	12
3	1	69
3	1	1
10	1	63
10	1	27
