14
8	8	20	38	22	43	65	73	64	5
8	10	8	52	45	50	34	21	26	47	42	12
9	8	38	43	64	65	73	22	20	5
9	9	52	21	42	26	47	45	8	50	12
2	38	50	12	21	28	47	65	36	42	34	43	35	39	32	85	45	22	73	46	6	86	81	13	26	24	64	25	52	38	8	5	58	84	19	74	80	68	20	66
2	14	36	37	2	0	68	59	6	24	49	75	86	39	32	29
5	1	81
5	1	67
11	12	46	28	39	35	74	19	25	84	13	85	66	58
11	6	32	36	24	68	6	86
4	8	65	22	73	43	5	64	38	20
4	1	81
0	10	52	21	47	45	42	34	26	50	8	12
0	7	30	11	54	10	55	72	76
1	16	45	20	73	5	8	43	26	38	64	50	21	65	22	42	34	12
1	14	14	33	77	4	31	57	56	18	27	17	48	60	51	16
12	20	38	50	65	42	52	64	12	80	81	26	21	47	45	34	5	20	73	43	22	8
12	17	3	83	44	70	62	69	71	9	15	78	7	40	53	61	23	79	41
7	1	81
7	1	80
6	1	52
6	1	63
10	1	38
10	1	34
13	1	81
13	1	82
3	1	81
3	1	1
