14
9	8	69	6	12	11	36	86	53	51
9	9	25	41	14	24	60	2	76	5	47
2	41	14	30	61	72	5	39	6	86	41	47	38	42	34	2	69	24	90	43	51	36	48	9	91	12	16	60	27	28	22	11	62	89	23	79	85	73	53	76	25	50	70
2	16	40	3	50	62	63	52	0	27	9	31	42	73	39	34	80	91
8	8	69	53	36	6	11	12	86	51
8	10	25	5	43	41	24	60	76	14	2	47
11	12	48	30	42	38	79	23	28	89	16	90	70	62
11	6	34	39	27	73	9	91
1	17	53	86	60	41	11	12	5	51	14	36	43	2	25	69	47	24	6
1	14	37	59	20	33	8	49	29	58	21	19	17	64	55	82
12	22	36	24	43	61	11	5	14	47	25	72	85	76	53	22	2	6	60	86	12	69	51	41
12	19	4	75	44	66	54	10	18	83	71	77	67	65	35	26	88	84	46	45	74
0	10	2	43	14	76	60	24	47	41	5	25
0	7	15	57	78	32	81	13	56
3	1	22
3	1	1
4	8	6	69	86	51	12	36	11	53
4	1	22
7	1	22
7	3	61	85	72
10	1	36
10	1	43
6	1	76
6	1	68
13	1	22
13	1	87
5	1	22
5	1	7
