14
2	38	81	26	8	40	37	45	36	55	67	19	5	33	38	42	31	39	85	65	20	35	47	6	86	0	11	79	80	22	23	25	58	84	18	63	72	68	66	53
2	14	41	2	59	22	6	49	1	31	27	86	68	73	40	84
4	8	5	19	67	0	35	80	65	45
4	1	20
12	20	20	35	63	37	25	79	53	39	19	8	67	36	33	80	81	65	55	5	45	0
12	17	32	21	13	7	70	83	76	44	77	3	69	62	46	43	61	51	78
11	12	47	26	42	38	72	18	23	11	84	85	66	58
11	6	31	40	22	68	6	86
0	10	8	37	33	63	36	79	25	55	81	39
0	7	10	52	71	74	9	54	28
9	8	19	65	80	67	5	45	35	0
9	9	33	63	25	79	36	39	81	37	8
8	8	19	35	67	80	65	5	45	0
8	10	33	37	79	25	63	36	39	81	55	8
1	16	36	35	65	0	5	37	79	33	45	25	8	19	39	80	55	67
1	13	29	75	48	57	34	15	12	4	50	60	24	14	17
3	1	20
3	1	16
10	1	67
10	1	55
13	1	20
13	1	82
7	1	20
7	1	53
5	1	20
5	1	30
6	1	81
6	1	64
