13
11	19	55	21	2	19	6	36	38	33	75	5	34	58	25	40	53	79	31	65	46
11	16	43	9	63	76	10	68	4	69	23	45	51	16	44	77	62	81
2	37	40	75	31	27	55	58	25	33	79	39	6	37	42	32	46	83	65	2	53	21	47	8	84	13	19	34	22	24	36	59	82	20	71	67	38	5	66
2	13	60	8	0	3	41	49	72	28	32	22	67	84	39
4	8	31	5	53	58	79	36	25	38
4	1	6
1	17	55	65	58	31	19	79	25	21	36	46	75	5	38	40	33	53	34
1	14	15	14	48	35	57	7	30	26	17	74	18	56	50	61
10	12	47	27	42	37	71	20	24	82	13	83	66	59
10	6	32	39	22	67	8	84
3	1	6
3	1	1
0	10	2	21	40	65	33	46	19	75	34	55
0	7	29	52	70	12	11	73	54
6	1	2
6	1	64
8	8	79	38	36	53	25	58	5	31
8	9	65	46	2	33	19	34	40	75	21
7	8	79	36	53	25	38	58	31	5
7	10	65	33	19	34	55	46	40	21	75	2
9	1	38
9	1	55
12	1	6
12	1	80
5	1	6
5	1	78
