13
7	8	62	60	79	74	47	28	50	51
7	10	64	3	70	65	63	7	15	45	33	39
1	17	28	15	7	62	47	65	45	74	70	51	79	33	60	50	3	63	64
1	14	53	11	44	31	4	52	23	14	76	17	27	56	42	13
2	37	62	79	24	50	34	3	64	28	63	7	32	36	29	83	70	15	65	60	30	41	5	84	10	39	21	22	33	51	45	54	82	19	72	74	67	47	61
2	13	43	0	1	55	35	5	34	84	67	21	25	73	29
10	12	41	24	36	32	72	19	22	82	10	83	61	54
10	6	29	34	21	67	5	84
11	19	3	15	74	30	39	50	7	70	51	45	28	47	64	79	33	62	65	63	60
11	16	77	68	66	58	40	69	81	20	12	78	46	6	2	57	37	38
4	8	50	62	28	79	60	51	74	47
4	1	30
0	10	7	39	3	64	33	65	15	70	45	63
0	7	8	26	9	48	75	71	49
8	8	79	60	74	47	28	50	62	51
8	9	70	3	65	7	15	45	39	64	33
6	1	39
6	1	59
3	1	30
3	1	16
12	1	30
12	1	80
5	1	30
5	1	18
9	1	79
9	1	63
