13
4	8	42	44	79	32	63	77	34	16
4	1	80
7	8	16	79	77	34	32	44	42	63
7	10	59	31	1	66	6	21	19	20	25	65
2	37	80	79	27	44	38	59	25	32	37	40	66	21	33	83	63	65	77	19	6	1	31	46	7	84	34	11	20	23	24	55	82	18	71	16	67	42	64
2	13	28	48	3	56	39	0	38	84	7	67	72	23	33
11	19	77	66	31	20	42	16	21	32	79	6	80	19	44	65	25	1	59	34	63
11	16	50	61	75	8	22	76	81	45	43	13	36	69	68	41	4	60
10	12	46	27	40	37	71	18	24	82	11	83	64	55
10	6	33	38	23	67	7	84
0	10	20	1	25	31	59	6	65	21	66	19
0	7	51	9	10	70	52	73	29
1	17	31	1	6	79	63	20	34	16	42	65	21	44	32	59	77	25	19
1	14	12	49	53	57	35	30	17	54	74	14	15	26	47	5
8	7	79	77	34	32	63	42	44
8	8	31	1	66	6	21	25	20	19
9	1	34
9	1	65
12	1	80
12	1	78
6	1	66
6	1	62
3	1	80
3	1	2
5	1	80
5	1	58
