13
10	12	45	25	38	33	73	19	23	82	13	83	66	59
10	6	31	36	22	69	6	84
2	37	25	67	36	42	68	54	77	29	33	44	38	31	30	83	51	11	58	65	45	6	84	57	13	22	35	23	59	34	82	19	73	12	69	52	20	40	66
2	13	2	0	60	22	37	69	47	84	36	31	6	74	26
11	19	29	12	35	40	52	58	34	77	68	42	65	20	67	54	11	30	57	44	51
11	16	62	21	41	3	15	81	7	78	8	43	39	49	79	63	71	70
1	16	58	42	11	12	44	20	52	51	57	29	54	77	65	40	68	67
1	13	17	46	28	76	48	4	55	24	32	14	16	18	56
0	10	77	44	58	54	52	68	57	30	65	11
0	7	10	9	75	72	50	27	53
6	1	30
6	1	64
8	8	20	12	42	29	35	67	40	51
8	9	57	11	52	68	77	54	30	58	44
7	8	20	40	42	29	35	12	67	51
7	10	57	58	52	68	77	65	11	54	30	44
4	8	20	67	42	29	51	35	12	40
4	1	34
9	1	40
9	1	65
3	1	34
3	1	1
12	1	34
12	1	80
5	1	34
5	1	5
