14
2	41	40	27	34	33	39	46	60	81	80	25	38	42	31	51	89	11	21	9	84	32	48	76	5	90	12	49	23	24	18	67	59	88	20	75	85	71	6	37	16	68	35
2	15	0	2	41	61	31	23	52	84	71	77	39	35	28	90	5
11	12	48	27	42	38	75	20	24	88	12	89	68	59
11	6	31	39	23	71	5	90
9	8	33	85	16	80	46	37	40	18
9	9	34	81	60	25	11	6	49	32	9
8	8	33	85	16	80	37	40	18	46
8	10	34	81	60	25	6	49	32	51	9	11
0	10	9	25	81	51	60	11	6	49	32	34
0	7	55	10	56	29	74	78	8
1	17	33	46	34	6	11	51	80	40	25	37	85	9	16	18	81	32	49
1	14	26	50	53	30	57	15	62	4	13	79	58	19	36	17
7	1	76
7	2	67	21
4	8	33	80	40	46	18	37	16	85
4	1	76
12	20	51	6	37	32	85	18	11	16	9	76	80	25	49	60	67	81	34	33	40	46
12	17	43	7	22	73	83	63	14	3	69	44	82	87	64	66	72	54	45
13	1	76
13	1	86
10	1	16
10	1	51
5	1	76
5	1	70
3	1	76
3	1	1
6	1	60
6	1	65
