14
12	20	11	37	1	84	14	44	67	45	80	24	7	25	72	9	68	64	29	5	60	86
12	17	12	18	52	61	78	71	42	70	62	4	79	47	10	82	43	26	3
2	39	64	44	46	31	29	67	84	45	39	60	38	41	35	85	14	68	86	11	1	48	8	87	24	16	27	5	28	72	57	83	23	9	74	7	69	37	80	25	65
2	14	75	58	2	39	0	40	69	32	50	35	8	46	87	27
9	8	60	86	72	80	25	5	14	84
9	9	1	29	37	67	44	9	11	68	24
11	12	48	31	41	38	74	23	28	83	16	85	65	57
11	6	35	39	27	69	8	87
0	10	68	9	37	45	24	29	11	67	1	44
0	7	13	15	73	54	33	76	53
1	17	72	60	86	11	44	68	1	45	9	29	25	14	84	80	5	37	67
1	14	49	77	22	34	17	51	19	20	56	36	6	30	59	55
4	8	84	60	14	86	5	72	80	25
4	1	64
8	8	86	72	80	60	25	84	5	14
8	10	45	37	67	24	1	29	44	68	9	11
6	1	24
6	1	63
10	1	86
10	1	45
3	1	64
3	1	21
7	1	64
7	1	7
13	1	64
13	1	81
5	1	64
5	1	66
