14
4	8	24	30	8	5	76	63	80	12
4	1	44
12	19	8	71	80	61	24	65	30	63	54	41	35	7	1	79	5	12	82	76	44
12	17	40	69	58	59	78	77	4	39	60	84	10	38	68	21	17	48	67
2	39	61	71	26	63	54	76	34	79	12	35	33	80	37	31	86	1	7	81	44	41	24	42	9	87	14	22	23	30	55	85	20	72	66	82	8	65	5	45	64
2	14	36	56	3	46	45	0	9	31	87	27	34	22	66	73
11	12	42	26	37	33	72	20	23	85	14	86	64	55
11	6	31	34	22	66	9	87
0	10	61	82	35	79	81	71	65	1	41	7
0	7	28	70	49	13	11	50	74
1	17	81	12	63	24	65	80	30	8	1	71	76	35	82	5	79	7	41
1	14	15	75	57	53	32	19	43	16	47	6	29	52	25	18
9	8	76	30	63	24	8	5	80	12
9	9	7	41	65	81	82	71	61	35	79
8	8	76	24	80	30	63	12	8	5
8	10	7	81	35	1	41	65	79	82	71	61
10	1	30
10	1	1
7	1	44
7	1	54
5	1	44
5	1	51
3	1	44
3	1	2
6	1	61
6	1	62
13	1	44
13	1	83
