14
4	8	46	6	81	80	57	22	30	68
4	1	14
8	8	80	57	46	68	81	22	6	30
8	10	63	10	3	9	49	82	38	45	42	67
11	12	50	29	41	37	74	24	27	85	15	86	69	60
11	6	34	39	26	70	8	87
2	39	47	29	6	81	57	68	39	82	30	49	46	37	41	34	42	9	22	80	86	10	67	45	50	8	3	87	15	26	27	63	14	60	38	85	24	74	7	70	69
2	14	1	0	52	61	8	40	26	39	70	31	47	34	75	87
1	17	46	67	6	80	30	9	10	3	42	57	68	82	49	38	22	81	45
1	14	28	33	58	21	35	59	16	53	62	51	18	5	77	19
0	10	63	45	3	82	49	38	10	67	9	42
0	7	32	76	12	55	56	13	73
12	20	63	3	68	38	22	7	82	42	81	45	9	49	57	10	6	67	14	30	46	80
12	17	65	72	48	54	4	11	78	25	84	17	43	44	79	23	64	71	2
9	8	80	81	22	46	68	57	6	30
9	9	45	82	38	3	9	10	42	63	67
6	1	63
6	1	66
5	1	14
5	1	36
3	1	14
3	1	20
7	1	14
7	1	7
10	1	80
10	1	49
13	1	14
13	1	83
