13
11	19	11	73	61	34	36	10	37	74	4	21	33	32	64	77	3	80	13	58	5
11	16	44	60	23	75	67	78	66	81	45	8	76	16	50	59	43	2
4	8	3	5	80	32	21	11	37	61
4	1	10
8	8	5	80	37	21	11	3	32	61
8	9	74	33	36	77	34	4	64	13	73
1	17	4	34	32	21	5	80	61	37	3	36	77	64	74	11	13	58	33
1	14	49	15	54	47	20	35	72	26	6	53	18	57	30	17
7	8	5	3	80	37	11	32	21	61
7	10	74	4	33	36	58	34	64	73	77	13
2	37	74	36	27	21	64	3	39	5	80	4	38	41	31	32	83	34	46	33	7	58	10	84	14	24	13	37	25	11	55	73	82	22	69	77	65	61	63
2	13	40	56	1	48	0	39	24	7	84	28	31	65	70
10	12	46	27	41	38	69	22	25	82	14	83	63	55
10	6	31	39	24	65	7	84
0	10	64	73	33	13	34	4	58	77	36	74
0	7	12	29	51	9	52	68	71
9	1	5
9	1	58
6	1	73
6	1	62
3	1	10
3	1	19
5	1	10
5	1	42
12	1	10
12	1	79
