13
2	37	57	26	80	47	51	41	55	35	29	70	34	37	32	66	50	83	42	7	62	20	84	74	14	23	63	10	24	5	9	54	65	82	21	72	8	67	64
2	13	73	2	44	0	36	56	67	35	27	23	7	84	32
10	12	42	26	37	34	72	21	24	82	14	83	64	54
10	6	32	35	23	67	7	84
7	8	9	80	10	47	65	8	41	74
7	10	55	62	29	63	51	5	70	50	66	20
11	19	29	8	51	5	65	66	20	41	57	50	80	55	74	47	62	70	9	63	10
11	16	81	78	69	77	46	60	16	22	31	38	68	40	59	11	39	3
0	10	50	66	51	62	55	29	70	63	5	20
0	7	49	28	12	13	75	48	71
4	8	74	65	47	80	41	8	9	10
4	1	57
12	1	57
12	1	79
8	8	80	10	47	65	8	9	41	74
8	9	62	29	63	51	5	55	70	66	20
1	17	65	70	63	47	5	10	74	8	62	29	51	9	20	50	55	41	80
1	14	6	30	33	15	19	43	53	45	18	58	52	17	76	25
9	1	10
9	1	50
5	1	57
5	1	4
6	1	66
6	1	61
3	1	57
3	1	1
