13
8	8	79	22	75	13	50	45	6	78
8	9	23	25	39	15	62	46	4	35	56
0	10	4	9	39	56	46	23	35	25	62	15
0	7	11	55	54	73	12	32	70
10	12	48	30	42	38	71	21	27	82	14	83	66	59
10	6	34	40	26	67	8	84
2	37	30	75	23	40	36	46	62	39	38	42	34	25	83	4	6	48	8	45	79	84	14	9	26	56	22	13	27	50	35	59	78	82	21	71	67	15	66
2	13	2	0	60	31	8	34	41	26	67	51	84	72	40
1	17	25	9	56	13	35	4	23	45	39	46	75	79	22	50	15	6	78
1	14	16	17	18	49	52	74	33	37	29	58	20	57	5	61
7	8	78	50	79	75	13	45	6	22
7	10	35	56	23	9	39	15	46	62	4	25
4	8	79	22	13	50	75	78	45	6
4	1	36
5	1	36
5	1	28
11	19	45	9	50	35	39	22	46	6	36	79	4	56	62	15	78	23	25	13	75
11	16	24	43	3	76	10	77	53	7	68	69	81	64	19	44	47	63
9	1	50
9	1	9
12	1	36
12	1	80
3	1	36
3	1	1
6	1	62
6	1	65
