14
0	10	55	10	84	28	12	68	7	37	41	0
0	7	73	76	13	54	53	14	31
12	20	41	84	70	65	11	5	15	44	78	68	7	66	0	86	63	10	28	37	12	55
12	17	62	72	80	43	23	35	4	47	46	79	71	61	52	82	45	9	19
2	39	78	68	27	7	84	66	40	28	38	63	0	36	42	33	65	85	5	37	11	48	8	41	12	87	16	24	25	55	58	70	83	22	44	74	69	10	86	15	67
2	14	50	59	24	3	1	69	39	75	87	40	33	8	30	38
13	1	65
13	1	81
11	12	48	27	42	36	74	22	25	83	16	85	67	58
11	6	33	38	24	69	8	87
8	8	11	66	86	15	70	44	63	78
8	10	37	0	12	28	7	10	55	84	41	68
4	7	78	86	70	44	11	15	66
4	1	65
9	8	66	86	11	44	15	70	78	63
9	9	0	12	37	55	41	7	68	10	84
6	1	41
6	1	64
1	17	86	12	0	10	37	68	7	63	78	11	84	15	70	66	28	55	44
1	14	34	32	51	20	17	6	60	77	21	57	26	18	56	49
5	1	65
5	1	29
3	1	65
3	1	2
10	1	15
10	1	28
7	1	65
7	1	5
