14
0	10	81	66	46	11	39	6	29	16	4	77
0	7	12	13	56	74	57	33	78
11	12	51	31	45	38	75	24	28	85	15	86	69	60
11	6	35	40	27	70	8	87
2	39	31	46	43	6	66	77	4	11	39	40	38	45	29	35	7	14	86	3	16	50	51	8	26	87	15	27	28	41	63	44	60	85	24	75	81	70	73	23	69
2	14	1	42	61	27	70	40	76	0	43	87	8	35	53	32
4	8	73	50	23	14	44	26	63	41
4	1	7
7	1	7
7	1	3
1	17	46	29	14	23	63	66	50	81	73	44	26	39	77	6	41	16	11
1	14	54	34	59	5	22	17	52	30	79	36	19	58	62	18
8	8	44	73	41	63	26	23	14	50
8	10	39	46	66	77	4	29	81	11	6	16
12	19	50	3	63	7	26	77	81	66	39	73	46	23	11	44	16	6	4	29	41
12	16	49	37	2	9	64	84	72	80	10	71	55	25	47	20	65	48
9	8	73	50	41	63	26	23	14	44
9	9	46	6	66	77	4	29	81	11	39
13	1	7
13	1	83
10	1	63
10	1	16
3	1	7
3	1	21
6	1	4
6	1	67
5	1	7
5	1	68
