14
12	22	42	72	69	63	34	81	36	5	55	35	86	57	19	30	9	40	33	64	87	44	65	38
12	19	85	13	2	67	75	48	53	3	84	7	77	66	74	73	45	20	32	46	89
2	42	9	47	24	35	33	81	38	39	57	72	37	43	28	44	36	91	87	42	64	63	65	49	6	69	92	11	55	21	22	76	60	90	18	79	5	86	71	30	19	40	70	34
2	16	51	1	41	61	21	92	0	80	71	6	28	47	43	39	25	76
11	12	49	24	43	37	79	18	22	90	11	91	70	60
11	6	28	39	21	71	6	92
9	8	19	81	44	9	36	69	42	64
9	9	35	72	55	65	30	63	57	38	40
1	16	64	72	30	42	19	55	38	65	57	81	69	44	40	33	36	9
1	14	83	58	52	59	31	12	15	50	17	62	27	14	4	23
8	8	19	44	69	42	81	64	9	36
8	10	35	55	33	57	72	40	65	30	63	38
7	1	87
7	3	86	5	34
0	10	30	63	55	57	40	38	65	72	33	35
0	7	8	26	10	54	82	78	56
4	8	9	64	44	36	42	19	81	69
4	1	87
6	1	63
6	1	68
10	1	69
10	1	33
3	1	87
3	1	16
13	1	87
13	1	88
5	1	87
5	1	29
