13
2	37	45	60	28	5	77	38	29	2	44	9	76	36	25	41	37	34	26	83	16	32	55	47	7	1	84	12	23	24	58	39	82	20	72	68	62	53	67
2	13	0	59	3	49	40	68	73	7	84	34	30	23	38
11	19	55	76	5	1	39	37	53	29	77	26	44	45	60	32	16	2	62	25	9
11	16	81	64	22	4	78	65	46	79	63	14	43	42	70	8	69	51
1	17	62	25	2	44	39	32	5	29	1	53	45	55	76	60	77	16	9
1	14	27	33	50	56	13	75	19	48	61	17	35	15	57	6
10	12	47	28	41	36	72	20	24	82	12	83	67	58
10	6	34	38	23	68	7	84
12	1	26
12	1	80
0	10	25	2	37	32	55	16	60	44	39	29
0	7	52	10	31	74	54	71	11
8	8	1	62	45	77	53	9	5	76
8	9	55	2	29	39	44	37	32	25	16
7	8	1	53	45	9	77	5	62	76
7	10	55	44	37	29	32	60	39	25	2	16
4	7	76	77	53	5	62	45	9
4	1	26
5	1	26
5	1	21
6	1	37
6	1	66
3	1	26
3	1	18
9	1	1
9	1	60
