13
2	37	41	26	49	66	4	55	9	36	5	44	35	39	31	83	76	34	24	19	32	47	6	70	84	79	20	11	22	23	58	46	82	37	18	72	67	30	65
2	13	50	1	6	38	0	59	36	27	22	84	73	31	67
10	12	47	26	39	35	72	18	23	82	11	83	65	58
10	6	31	36	22	67	6	84
11	19	55	76	24	34	20	66	46	19	37	49	41	30	4	32	79	44	9	5	70
11	16	40	64	7	62	52	81	78	77	42	45	2	21	69	14	61	68
1	17	55	20	19	44	5	70	24	46	37	79	49	30	4	66	9	32	41
1	14	13	3	12	33	25	51	29	57	60	56	17	75	15	48
0	10	34	49	9	70	32	66	24	79	19	55
0	7	28	53	10	8	74	71	54
4	8	20	30	46	37	41	5	44	4
4	1	76
7	1	30
7	1	55
8	8	4	5	41	30	44	46	37	20
8	9	24	32	79	66	49	19	9	34	70
9	8	4	5	30	37	44	46	20	41
9	10	24	32	66	9	49	19	55	70	79	34
6	1	34
6	1	63
3	1	76
3	1	16
5	1	76
5	1	43
12	1	76
12	1	80
