13
2	37	66	7	27	1	38	5	76	35	40	31	83	37	63	59	9	22	36	45	8	33	11	14	84	24	50	77	25	17	56	82	21	72	67	52	64	68	65
2	13	47	39	3	57	0	38	8	24	67	73	84	31	28
4	8	63	33	64	68	66	1	52	50
4	1	17
1	17	33	66	7	52	1	68	50	36	37	63	64	11	77	5	22	76	9
1	14	6	20	16	58	34	46	75	48	30	26	55	15	54	19
10	12	45	27	40	35	72	21	25	82	14	83	65	56
10	6	31	38	24	67	8	84
11	18	68	36	50	11	37	64	22	52	9	59	33	63	76	17	66	1	5	77
11	15	44	70	23	10	79	18	42	81	61	49	69	32	4	60	78
0	10	11	59	7	37	5	22	77	36	9	76
0	7	51	29	53	13	71	12	74
5	1	17
5	1	43
7	8	52	68	66	63	64	1	33	50
7	10	77	22	9	36	59	5	7	37	76	11
8	8	64	66	1	33	52	50	68	63
8	9	5	9	59	37	76	77	11	22	36
12	1	17
12	1	80
6	1	59
6	1	62
3	1	17
3	1	2
9	1	66
9	1	7
