13
2	37	63	80	25	42	70	37	17	30	10	35	78	26	34	38	31	57	83	32	4	61	45	7	84	12	67	22	23	44	19	54	82	20	72	65	66	6	64
2	13	66	47	2	55	22	36	73	0	7	27	84	31	35
8	8	61	44	65	70	4	6	42	80
8	9	57	19	37	26	17	63	32	78	67
11	18	42	30	80	10	65	44	37	17	19	32	67	63	6	61	26	57	78	4
11	15	68	39	43	41	21	77	8	76	59	15	69	49	3	81	40
4	8	80	42	61	70	65	6	4	44
4	1	10
0	10	17	63	30	37	78	32	57	19	67	26
0	7	11	9	51	50	28	74	71
1	17	61	30	63	26	42	78	70	6	65	57	37	19	80	17	44	67	4
1	14	18	14	48	29	24	33	5	75	16	13	46	53	52	56
7	8	61	44	65	4	6	70	80	42
7	10	57	19	37	17	63	32	26	67	30	78
10	12	45	25	38	34	72	20	23	82	12	83	64	54
10	6	31	35	22	66	7	84
12	1	10
12	1	79
3	1	10
3	1	1
9	1	61
9	1	30
6	1	32
6	1	60
5	1	10
5	1	62
