13
11	19	33	56	67	13	7	6	22	72	31	36	45	77	39	59	4	49	52	43	9
11	16	70	41	44	81	63	78	10	53	17	3	79	69	42	21	48	64
2	37	13	31	26	9	22	72	37	59	43	39	49	35	40	30	83	56	77	4	52	33	46	8	84	14	23	24	7	60	6	82	20	73	68	45	67	36	66
2	13	37	38	2	30	8	61	0	23	50	74	68	84	27
10	12	46	26	40	35	73	20	24	82	14	83	66	60
10	6	30	37	23	68	8	84
7	8	72	36	45	7	59	67	77	39
7	10	52	56	43	9	13	49	22	31	33	6
1	17	59	31	72	56	6	52	13	49	39	67	22	43	77	33	7	36	45
1	14	76	57	5	16	15	51	18	29	62	47	25	32	19	58
0	10	49	43	52	56	22	33	13	31	6	9
0	7	54	12	11	55	75	71	28
8	8	59	36	72	67	77	39	45	7
8	9	22	9	13	52	31	33	6	43	49
5	1	4
5	1	34
9	1	36
9	1	56
4	8	7	77	72	36	67	39	45	59
4	1	4
12	1	4
12	1	80
6	1	9
6	1	65
3	1	4
3	1	1
