14
8	8	18	10	28	37	35	24	22	64
8	10	25	17	72	32	48	84	69	90	58	50
2	41	50	37	27	32	80	35	60	25	22	40	64	72	18	84	38	28	42	34	88	90	17	31	69	46	6	58	89	11	21	48	24	23	10	61	87	19	77	73	4	49	70
2	15	41	51	2	49	89	0	62	34	40	21	78	6	80	73	29
12	21	32	4	69	18	48	58	10	60	24	64	25	31	35	90	28	37	17	50	84	72	22
12	18	86	54	82	3	13	7	20	66	53	83	43	71	44	75	45	74	67	65
11	12	46	27	42	38	77	19	23	87	11	88	70	61
11	6	34	40	21	73	6	89
4	8	18	10	35	37	64	28	24	22
4	1	31
1	17	84	69	58	48	10	35	18	25	22	32	37	17	50	64	24	28	90
1	14	52	12	33	57	81	63	16	14	36	15	26	59	5	47
0	10	84	17	50	48	25	32	72	58	69	90
0	7	8	55	9	76	56	79	30
13	1	31
13	1	85
9	1	18
9	1	25
3	1	31
3	1	1
10	8	18	10	28	37	35	24	22	64
10	8	32	17	48	84	69	90	58	50
7	1	31
7	2	60	4
5	1	31
5	1	39
6	1	72
6	1	68
