14
2	41	31	21	36	5	26	32	59	43	41	37	0	19	35	42	79	30	89	34	67	71	47	6	40	68	10	90	12	23	24	60	88	20	78	85	49	48	72	73	38	51	70
2	16	90	52	39	27	2	51	6	61	23	72	1	80	42	20	30	37
12	22	71	10	21	68	49	59	67	31	48	41	19	38	73	85	5	32	43	36	79	34	40	0
12	19	75	74	54	7	64	65	63	44	83	3	46	91	76	8	22	15	84	87	45
8	1	41
8	1	31
11	12	47	26	42	35	78	20	24	88	12	89	70	60
11	6	30	37	23	72	6	90
1	17	79	0	68	48	71	10	67	34	31	41	36	19	38	40	32	21	43
1	14	58	53	29	13	25	33	16	14	18	57	50	62	82	4
3	1	5
3	1	17
0	10	36	19	49	0	43	71	31	34	68	48
0	7	77	11	28	9	55	56	81
9	8	40	67	32	41	10	38	21	79
9	9	48	43	68	49	71	36	34	0	19
10	7	21	40	32	67	41	79	10
10	9	0	48	68	43	49	19	31	34	71
5	1	5
5	1	69
7	1	5
7	3	59	85	73
4	8	38	79	67	40	21	10	41	32
4	1	5
6	1	49
6	1	66
13	1	5
13	1	86
