13
2	37	12	38	27	4	6	39	10	79	37	41	32	33	83	60	61	45	47	58	46	5	84	13	24	25	66	30	56	82	21	36	72	67	22	20	78	65	70
2	13	57	0	1	5	32	49	84	40	28	67	73	24	39
10	12	46	27	41	37	72	21	25	82	13	83	65	56
10	6	32	39	24	67	5	84
1	17	61	36	38	47	78	60	33	22	20	70	4	30	45	66	12	6	79
1	14	48	31	55	50	59	26	54	14	3	35	19	16	17	75
7	8	38	66	70	30	61	79	78	60
7	10	22	6	45	4	33	12	36	20	47	10
12	1	58
12	1	80
8	8	66	70	30	61	79	78	38	60
8	9	6	45	4	33	36	20	22	47	10
11	19	78	60	66	30	45	22	4	6	33	20	58	79	10	61	70	12	38	47	36
11	16	43	68	2	62	69	76	7	81	15	9	23	63	44	51	42	77
0	10	20	47	4	10	12	6	45	36	33	22
0	7	11	8	52	29	53	74	71
4	8	79	38	60	61	66	30	70	78
4	1	58
5	1	58
5	1	34
3	1	58
3	1	18
6	1	10
6	1	64
9	1	66
9	1	12
